[[[ 1.          0.          0.        ]
  [ 0.          1.          0.        ]
  [ 0.          0.          1.        ]]

 [[-0.20039427  0.19569118  0.95997245]
  [ 0.86417548  0.49693516  0.07909601]
  [-0.46156567  0.84543504 -0.26869448]]

 [[-0.20052972  0.86478517 -0.46036338]
  [ 0.19703936  0.49590727  0.84572541]
  [ 0.95966834  0.07888337 -0.26984086]]

 [[ 0.26997782  0.42547865 -0.86375917]
  [-0.20245268  0.90210089  0.38108647]
  [ 0.94134207  0.07198547  0.32968653]]

 [[ 0.70433914 -0.46711224  0.53452085]
  [ 0.65036872  0.72639186 -0.22220576]
  [-0.28447656  0.50414385  0.8154214 ]]

 [[-0.80069709  0.37851711  0.46433713]
  [ 0.58121549  0.30301729  0.75522783]
  [ 0.14516447  0.87458866 -0.46262507]]

 [[-0.41720332  0.79344809 -0.44314954]
  [-0.04324066  0.46973079  0.88175009]
  [ 0.90778391  0.38703115 -0.16166403]]

 [[ 0.97126886 -0.05524622 -0.23148359]
  [-0.00073184  0.97198401 -0.23504584]
  [ 0.23798374  0.22846211  0.94401737]]

 [[-0.15998301 -0.0189601   0.98693766]
  [ 0.94830724  0.27465111  0.15899734]
  [-0.27407813  0.961357   -0.02595951]]

 [[ 0.40262676  0.64125997 -0.65320544]
  [-0.29780279  0.76654526  0.5689656 ]
  [ 0.8655664  -0.03455437  0.49960065]]

 [[ 0.78359471 -0.15441657  0.60177641]
  [ 0.45017718  0.80866306 -0.37868796]
  [-0.42815866  0.56764389  0.70317891]]

 [[-0.57584626  0.60123847  0.55399764]
  [ 0.76885501  0.16786808  0.61699455]
  [ 0.27796234  0.78123787 -0.55893142]]

 [[ 0.94762387  0.27490732 -0.16258835]
  [-0.29917776  0.94224591 -0.15055006]
  [ 0.11181089  0.19130765  0.97514087]]

 [[ 0.309017   -0.5         0.809017  ]
  [ 0.5         0.809017    0.309017  ]
  [-0.809017    0.309017    0.5       ]]

 [[-0.86742745  0.49597564  0.0397214 ]
  [ 0.45630388  0.76112838  0.46094507]
  [ 0.19838445  0.41796144 -0.88653926]]

 [[ 0.61590123  0.08309767 -0.78342866]
  [ 0.35569717  0.8579663   0.37063913]
  [ 0.70295463 -0.50694044  0.4988649 ]]

 [[ 0.94621581 -0.26133284 -0.1907375 ]
  [ 0.26209195  0.96479901 -0.02169541]
  [ 0.18969307 -0.02946222  0.98140131]]

 [[-0.33767797 -0.09968061  0.93596869]
  [ 0.79042082  0.50989626  0.33947126]
  [-0.51108563  0.8544411  -0.09339111]]

 [[-0.42059623  0.67301667 -0.60839739]
  [ 0.11472296  0.70466746  0.7002017 ]
  [ 0.89996526  0.22470505 -0.37359093]]

 [[ 0.62711003  0.32343833 -0.70860473]
  [ 0.03693657  0.89634345  0.44181911]
  [ 0.77805444 -0.30324262  0.55015927]]

 [[ 0.4930374  -0.31823429  0.80971666]
  [ 0.55858338  0.82932716 -0.01418046]
  [-0.6670073   0.45928577  0.58664968]]

 [[-0.74532496  0.6345696   0.20448016]
  [ 0.60251037  0.50979302  0.61407845]
  [ 0.28543297  0.58088941 -0.76229622]]

 [[ 0.97357784 -0.21306747 -0.08214897]
  [ 0.22786059  0.93010025  0.28808522]
  [ 0.01502518 -0.29919189  0.95407467]]

 [[-0.32933213  0.00718468  0.94418681]
  [ 0.62369004  0.75242549  0.21181745]
  [-0.70890837  0.65863821 -0.25227891]]

 [[-0.33749753  0.73389358 -0.58948761]
  [ 0.41998873  0.67784315  0.60343859]
  [ 0.84243985 -0.04391912 -0.53699741]]

 [[ 0.53287767 -0.23140078  0.81393801]
  [ 0.26632351  0.95886393  0.09824337]
  [-0.80318939  0.16441913  0.57258464]]

 [[-0.809017   -0.309017    0.5       ]
  [ 0.309017    0.5         0.809017  ]
  [-0.5         0.809017   -0.309017  ]]

 [[-0.33570538  0.11083861 -0.93542328]
  [-0.00325197  0.9929108   0.1188174 ]
  [ 0.94196143  0.0429296  -0.33296505]]

 [[ 0.58117761 -0.813428   -0.02382216]
  [ 0.81294059  0.57900494  0.06229675]
  [-0.03688078 -0.05557148  0.99777334]]

 [[ 0.31481571 -0.58699124  0.74587691]
  [ 0.74376313  0.64076805  0.19034897]
  [-0.58966727  0.4948309   0.63830628]]

 [[-0.91303561  0.40550624  0.04393961]
  [ 0.31269075  0.62671125  0.71376293]
  [ 0.26189787  0.66543046 -0.69900773]]

 [[ 0.54075432  0.03743006 -0.84034741]
  [ 0.16061926  0.97603396  0.14683043]
  [ 0.82570347 -0.21437517  0.5217826 ]]

 [[ 0.80477864 -0.59355222  0.00520773]
  [ 0.58386937  0.79316913  0.17314536]
  [-0.10690143 -0.13630305  0.98488252]]

 [[-0.666555   -0.1414334   0.731916  ]
  [ 0.49230556  0.65374972  0.57467082]
  [-0.55976752  0.74337602 -0.3661317 ]]

 [[-0.30065315  0.41114568 -0.86056198]
  [ 0.20298228  0.90922072  0.3634775 ]
  [ 0.93188298 -0.06539818 -0.35681535]]

 [[ 0.19907743 -0.77294292  0.60243458]
  [ 0.67577505  0.55347779  0.48681663]
  [-0.70971563  0.31019605  0.63252047]]

 [[-0.98713317  0.15885694 -0.01823688]
  [ 0.12084505  0.81584774  0.56549885]
  [ 0.10471194  0.55601883 -0.82454744]]

 [[ 0.36726131 -0.1476673  -0.91832103]
  [ 0.43135748  0.90176167  0.02750695]
  [ 0.82404481 -0.40622689  0.39487957]]

 [[-0.61828736 -0.41792088  0.6656297 ]
  [ 0.23369992  0.71084513  0.66338794]
  [-0.75040329  0.56572198 -0.34183849]]

 [[-0.809017    0.309017   -0.5       ]
  [-0.309017    0.5         0.809017  ]
  [ 0.5         0.809017   -0.309017  ]]

 [[ 0.65995012 -0.4274736  -0.61784478]
  [ 0.12059851  0.871967   -0.47447821]
  [ 0.74156716  0.23862078  0.6270074 ]]

 [[-0.2567137  -0.58582381  0.76870576]
  [ 0.93687477  0.04453831  0.34681697]
  [-0.2374105   0.8092137   0.53740996]]

 [[-0.751649   -0.10144768  0.65171478]
  [ 0.57690766  0.37780777  0.72418151]
  [-0.31968945  0.92030955 -0.22545289]]

 [[-0.22660906  0.35029725 -0.90881251]
  [-0.12261478  0.9154025   0.38341087]
  [ 0.96623701  0.19831822 -0.16448689]]

 [[ 0.75480079 -0.64988361  0.08903414]
  [ 0.65547728  0.74209752 -0.1401457 ]
  [ 0.02500638  0.16414193  0.98611973]]

 [[-0.12972947 -0.69027377  0.71182329]
  [ 0.84171521  0.30279123  0.44702684]
  [-0.52410476  0.65714504  0.54173298]]

 [[-0.90499104  0.23082366 -0.35736769]
  [-0.10797162  0.68789376  0.71773555]
  [ 0.41150134  0.6881298  -0.59761529]]

 [[ 0.5595111  -0.38046759 -0.73633671]
  [ 0.30185722  0.92093871 -0.24648353]
  [ 0.77189997 -0.08435829  0.63012231]]

 [[-0.85054122 -0.26463752  0.45447402]
  [ 0.42693802  0.15715733  0.8905198 ]
  [-0.30708888  0.95145602 -0.02068497]]

 [[-0.28074971  0.09099432 -0.95545782]
  [-0.36344313  0.91128243  0.19358057]
  [ 0.88830665  0.40160226 -0.22277103]]

 [[ 0.56447751 -0.82515699  0.02193401]
  [ 0.78725005  0.53017585 -0.31488243]
  [ 0.24819856  0.19501159  0.94887722]]

 [[-0.91500028 -0.02688852 -0.40255622]
  [-0.35196385  0.54094306  0.76387307]
  [ 0.19722058  0.8406293  -0.50442684]]

 [[ 0.309017    0.5        -0.809017  ]
  [-0.5         0.809017    0.309017  ]
  [ 0.809017    0.309017    0.5       ]]

 [[ 0.74357698 -0.37503184  0.55357421]
  [ 0.65669816  0.5654372  -0.49902737]
  [-0.12586029  0.73459643  0.6667288 ]]

 [[-0.73983541  0.45136897  0.49890844]
  [ 0.55622688 -0.00681887  0.83100251]
  [ 0.37849073  0.89231137 -0.2460187 ]]

 [[-0.77936034  0.52429311 -0.34309503]
  [-0.00788587  0.53932036  0.84206376]
  [ 0.62652636  0.6589767  -0.41619039]]

 [[ 0.7729835  -0.18901064 -0.60561663]
  [ 0.08608169  0.9770085  -0.19504958]
  [ 0.62855904  0.09863761  0.7714818 ]]

 [[-0.07426179 -0.43908022  0.89537353]
  [ 0.91542005  0.32615035  0.23586457]
  [-0.39558985  0.8371586   0.37772234]]

 [[-0.88495587  0.16693956  0.43472325]
  [ 0.45413989  0.10289536  0.88496865]
  [ 0.10300527  0.98058337 -0.16687176]]

 [[ 0.10723978  0.28409025 -0.95278139]
  [-0.41268548  0.88457338  0.21730313]
  [ 0.90453874  0.36989551  0.21210137]]

 [[ 0.64645002 -0.64628759  0.40548087]
  [ 0.76249338  0.52875313 -0.37285921]
  [ 0.02657501  0.55021132  0.83460247]]

 [[-0.72474081  0.60938794 -0.3215542 ]
  [-0.17476617  0.28884028  0.94129065]
  [ 0.66648897  0.73838855 -0.10283394]]

 [[ 0.81362031 -0.10261937 -0.57226853]
  [-0.15990467  0.90684206 -0.38995897]
  [ 0.55897452  0.40878695  0.72141579]]

 [[-0.01839504 -0.36230776  0.93187699]
  [ 0.99583499  0.07660468  0.04944095]
  [-0.08929897  0.92890517  0.35938961]]

 [[ 0.05278609  0.40130285 -0.91442313]
  [-0.68130036  0.68395661  0.26083172]
  [ 0.73009825  0.60922852  0.30951117]]

 [[-0.809017    0.309017    0.5       ]
  [ 0.309017   -0.5         0.809017  ]
  [ 0.5         0.809017    0.309017  ]]

 [[ 0.19838445  0.41796144 -0.88653926]
  [-0.86742745  0.49597564  0.0397214 ]
  [ 0.45630388  0.76112838  0.46094507]]

 [[ 0.70295463 -0.50694044  0.4988649 ]
  [ 0.61590123  0.08309767 -0.78342866]
  [ 0.35569717  0.8579663   0.37063913]]

 [[ 0.18969307 -0.02946222  0.98140131]
  [ 0.94621581 -0.26133284 -0.1907375 ]
  [ 0.26209195  0.96479901 -0.02169541]]

 [[-0.51108563  0.8544411  -0.09339111]
  [-0.33767797 -0.09968061  0.93596869]
  [ 0.79042082  0.50989626  0.33947126]]

 [[ 0.89996526  0.22470505 -0.37359093]
  [-0.42059623  0.67301667 -0.60839739]
  [ 0.11472296  0.70466746  0.7002017 ]]

 [[ 0.77805444 -0.30324262  0.55015927]
  [ 0.62711003  0.32343833 -0.70860473]
  [ 0.03693657  0.89634345  0.44181911]]

 [[-0.6670073   0.45928577  0.58664968]
  [ 0.4930374  -0.31823429  0.80971666]
  [ 0.55858338  0.82932716 -0.01418046]]

 [[ 0.28543297  0.58088941 -0.76229622]
  [-0.74532496  0.6345696   0.20448016]
  [ 0.60251037  0.50979302  0.61407845]]

 [[ 0.01502518 -0.29919189  0.95407467]
  [ 0.97357784 -0.21306747 -0.08214897]
  [ 0.22786059  0.93010025  0.28808522]]

 [[-0.70890837  0.65863821 -0.25227891]
  [-0.32933213  0.00718468  0.94418681]
  [ 0.62369004  0.75242549  0.21181745]]

 [[ 0.84243985 -0.04391912 -0.53699741]
  [-0.33749753  0.73389358 -0.58948761]
  [ 0.41998873  0.67784315  0.60343859]]

 [[-0.80318939  0.16441913  0.57258464]
  [ 0.53287767 -0.23140078  0.81393801]
  [ 0.26632351  0.95886393  0.09824337]]

 [[-0.5         0.809017   -0.309017  ]
  [-0.809017   -0.309017    0.5       ]
  [ 0.309017    0.5         0.809017  ]]

 [[ 0.94196143  0.0429296  -0.33296505]
  [-0.33570538  0.11083861 -0.93542328]
  [-0.00325197  0.9929108   0.1188174 ]]

 [[-0.03688078 -0.05557148  0.99777334]
  [ 0.58117761 -0.813428   -0.02382216]
  [ 0.81294059  0.57900494  0.06229675]]

 [[-0.58966727  0.4948309   0.63830628]
  [ 0.31481571 -0.58699124  0.74587691]
  [ 0.74376313  0.64076805  0.19034897]]

 [[ 0.26189787  0.66543046 -0.69900773]
  [-0.91303561  0.40550624  0.04393961]
  [ 0.31269075  0.62671125  0.71376293]]

 [[ 0.82570347 -0.21437517  0.5217826 ]
  [ 0.54075432  0.03743006 -0.84034741]
  [ 0.16061926  0.97603396  0.14683043]]

 [[-0.10690143 -0.13630305  0.98488252]
  [ 0.80477864 -0.59355222  0.00520773]
  [ 0.58386937  0.79316913  0.17314536]]

 [[-0.55976752  0.74337602 -0.3661317 ]
  [-0.666555   -0.1414334   0.731916  ]
  [ 0.49230556  0.65374972  0.57467082]]

 [[ 0.93188298 -0.06539818 -0.35681535]
  [-0.30065315  0.41114568 -0.86056198]
  [ 0.20298228  0.90922072  0.3634775 ]]

 [[-0.70971563  0.31019605  0.63252047]
  [ 0.19907743 -0.77294292  0.60243458]
  [ 0.67577505  0.55347779  0.48681663]]

 [[ 0.10471194  0.55601883 -0.82454744]
  [-0.98713317  0.15885694 -0.01823688]
  [ 0.12084505  0.81584774  0.56549885]]

 [[ 0.82404481 -0.40622689  0.39487957]
  [ 0.36726131 -0.1476673  -0.91832103]
  [ 0.43135748  0.90176167  0.02750695]]

 [[-0.75040329  0.56572198 -0.34183849]
  [-0.61828736 -0.41792088  0.6656297 ]
  [ 0.23369992  0.71084513  0.66338794]]

 [[ 0.5         0.809017   -0.309017  ]
  [-0.809017    0.309017   -0.5       ]
  [-0.309017    0.5         0.809017  ]]

 [[ 0.74156716  0.23862078  0.6270074 ]
  [ 0.65995012 -0.4274736  -0.61784478]
  [ 0.12059851  0.871967   -0.47447821]]

 [[-0.2374105   0.8092137   0.53740996]
  [-0.2567137  -0.58582381  0.76870576]
  [ 0.93687477  0.04453831  0.34681697]]

 [[-0.31968945  0.92030955 -0.22545289]
  [-0.751649   -0.10144768  0.65171478]
  [ 0.57690766  0.37780777  0.72418151]]

 [[ 0.96623701  0.19831822 -0.16448689]
  [-0.22660906  0.35029725 -0.90881251]
  [-0.12261478  0.9154025   0.38341087]]

 [[ 0.02500638  0.16414193  0.98611973]
  [ 0.75480079 -0.64988361  0.08903414]
  [ 0.65547728  0.74209752 -0.1401457 ]]

 [[-0.52410476  0.65714504  0.54173298]
  [-0.12972947 -0.69027377  0.71182329]
  [ 0.84171521  0.30279123  0.44702684]]

 [[ 0.41150134  0.6881298  -0.59761529]
  [-0.90499104  0.23082366 -0.35736769]
  [-0.10797162  0.68789376  0.71773555]]

 [[ 0.77189997 -0.08435829  0.63012231]
  [ 0.5595111  -0.38046759 -0.73633671]
  [ 0.30185722  0.92093871 -0.24648353]]

 [[-0.30708888  0.95145602 -0.02068497]
  [-0.85054122 -0.26463752  0.45447402]
  [ 0.42693802  0.15715733  0.8905198 ]]

 [[ 0.88830665  0.40160226 -0.22277103]
  [-0.28074971  0.09099432 -0.95545782]
  [-0.36344313  0.91128243  0.19358057]]

 [[ 0.24819856  0.19501159  0.94887722]
  [ 0.56447751 -0.82515699  0.02193401]
  [ 0.78725005  0.53017585 -0.31488243]]

 [[ 0.19722058  0.8406293  -0.50442684]
  [-0.91500028 -0.02688852 -0.40255622]
  [-0.35196385  0.54094306  0.76387307]]

 [[ 0.809017    0.309017    0.5       ]
  [ 0.309017    0.5        -0.809017  ]
  [-0.5         0.809017    0.309017  ]]

 [[-0.12586029  0.73459643  0.6667288 ]
  [ 0.74357698 -0.37503184  0.55357421]
  [ 0.65669816  0.5654372  -0.49902737]]

 [[ 0.37849073  0.89231137 -0.2460187 ]
  [-0.73983541  0.45136897  0.49890844]
  [ 0.55622688 -0.00681887  0.83100251]]

 [[ 0.62652636  0.6589767  -0.41619039]
  [-0.77936034  0.52429311 -0.34309503]
  [-0.00788587  0.53932036  0.84206376]]

 [[ 0.62855904  0.09863761  0.7714818 ]
  [ 0.7729835  -0.18901064 -0.60561663]
  [ 0.08608169  0.9770085  -0.19504958]]

 [[-0.39558985  0.8371586   0.37772234]
  [-0.07426179 -0.43908022  0.89537353]
  [ 0.91542005  0.32615035  0.23586457]]

 [[ 0.10300527  0.98058337 -0.16687176]
  [-0.88495587  0.16693956  0.43472325]
  [ 0.45413989  0.10289536  0.88496865]]

 [[ 0.90453874  0.36989551  0.21210137]
  [ 0.10723978  0.28409025 -0.95278139]
  [-0.41268548  0.88457338  0.21730313]]

 [[ 0.02657501  0.55021132  0.83460247]
  [ 0.64645002 -0.64628759  0.40548087]
  [ 0.76249338  0.52875313 -0.37285921]]

 [[ 0.66648897  0.73838855 -0.10283394]
  [-0.72474081  0.60938794 -0.3215542 ]
  [-0.17476617  0.28884028  0.94129065]]

 [[ 0.55897452  0.40878695  0.72141579]
  [ 0.81362031 -0.10261937 -0.57226853]
  [-0.15990467  0.90684206 -0.38995897]]

 [[-0.08929897  0.92890517  0.35938961]
  [-0.01839504 -0.36230776  0.93187699]
  [ 0.99583499  0.07660468  0.04944095]]

 [[ 0.73009825  0.60922852  0.30951117]
  [ 0.05278609  0.40130285 -0.91442313]
  [-0.68130036  0.68395661  0.26083172]]

 [[ 0.          0.          1.        ]
  [ 1.          0.          0.        ]
  [ 0.          1.          0.        ]]

 [[-0.46156567  0.84543504 -0.26869448]
  [-0.20039427  0.19569118  0.95997245]
  [ 0.86417548  0.49693516  0.07909601]]

 [[ 0.95966834  0.07888337 -0.26984086]
  [-0.20052972  0.86478517 -0.46036338]
  [ 0.19703936  0.49590727  0.84572541]]

 [[ 0.94134207  0.07198547  0.32968653]
  [ 0.26997782  0.42547865 -0.86375917]
  [-0.20245268  0.90210089  0.38108647]]

 [[-0.28447656  0.50414385  0.8154214 ]
  [ 0.70433914 -0.46711224  0.53452085]
  [ 0.65036872  0.72639186 -0.22220576]]

 [[ 0.14516447  0.87458866 -0.46262507]
  [-0.80069709  0.37851711  0.46433713]
  [ 0.58121549  0.30301729  0.75522783]]

 [[ 0.90778391  0.38703115 -0.16166403]
  [-0.41720332  0.79344809 -0.44314954]
  [-0.04324066  0.46973079  0.88175009]]

 [[ 0.23798374  0.22846211  0.94401737]
  [ 0.97126886 -0.05524622 -0.23148359]
  [-0.00073184  0.97198401 -0.23504584]]

 [[-0.27407813  0.961357   -0.02595951]
  [-0.15998301 -0.0189601   0.98693766]
  [ 0.94830724  0.27465111  0.15899734]]

 [[ 0.8655664  -0.03455437  0.49960065]
  [ 0.40262676  0.64125997 -0.65320544]
  [-0.29780279  0.76654526  0.5689656 ]]

 [[-0.42815866  0.56764389  0.70317891]
  [ 0.78359471 -0.15441657  0.60177641]
  [ 0.45017718  0.80866306 -0.37868796]]

 [[ 0.27796234  0.78123787 -0.55893142]
  [-0.57584626  0.60123847  0.55399764]
  [ 0.76885501  0.16786808  0.61699455]]

 [[ 0.11181089  0.19130765  0.97514087]
  [ 0.94762387  0.27490732 -0.16258835]
  [-0.29917776  0.94224591 -0.15055006]]

 [[-0.5        -0.809017    0.309017  ]
  [-0.809017    0.309017   -0.5       ]
  [ 0.309017   -0.5        -0.809017  ]]

 [[-0.74156716 -0.23862078 -0.6270074 ]
  [ 0.65995012 -0.4274736  -0.61784478]
  [-0.12059851 -0.871967    0.47447821]]

 [[ 0.2374105  -0.8092137  -0.53740996]
  [-0.2567137  -0.58582381  0.76870576]
  [-0.93687477 -0.04453831 -0.34681697]]

 [[ 0.31968945 -0.92030955  0.22545289]
  [-0.751649   -0.10144768  0.65171478]
  [-0.57690766 -0.37780777 -0.72418151]]

 [[-0.96623701 -0.19831822  0.16448689]
  [-0.22660906  0.35029725 -0.90881251]
  [ 0.12261478 -0.9154025  -0.38341087]]

 [[-0.02500638 -0.16414193 -0.98611973]
  [ 0.75480079 -0.64988361  0.08903414]
  [-0.65547728 -0.74209752  0.1401457 ]]

 [[ 0.52410476 -0.65714504 -0.54173298]
  [-0.12972947 -0.69027377  0.71182329]
  [-0.84171521 -0.30279123 -0.44702684]]

 [[-0.41150134 -0.6881298   0.59761529]
  [-0.90499104  0.23082366 -0.35736769]
  [ 0.10797162 -0.68789376 -0.71773555]]

 [[-0.77189997  0.08435829 -0.63012231]
  [ 0.5595111  -0.38046759 -0.73633671]
  [-0.30185722 -0.92093871  0.24648353]]

 [[ 0.30708888 -0.95145602  0.02068497]
  [-0.85054122 -0.26463752  0.45447402]
  [-0.42693802 -0.15715733 -0.8905198 ]]

 [[-0.88830665 -0.40160226  0.22277103]
  [-0.28074971  0.09099432 -0.95545782]
  [ 0.36344313 -0.91128243 -0.19358057]]

 [[-0.24819856 -0.19501159 -0.94887722]
  [ 0.56447751 -0.82515699  0.02193401]
  [-0.78725005 -0.53017585  0.31488243]]

 [[-0.19722058 -0.8406293   0.50442684]
  [-0.91500028 -0.02688852 -0.40255622]
  [ 0.35196385 -0.54094306 -0.76387307]]

 [[-0.809017   -0.309017   -0.5       ]
  [ 0.309017    0.5        -0.809017  ]
  [ 0.5        -0.809017   -0.309017  ]]

 [[ 0.12586029 -0.73459643 -0.6667288 ]
  [ 0.74357698 -0.37503184  0.55357421]
  [-0.65669816 -0.5654372   0.49902737]]

 [[-0.37849073 -0.89231137  0.2460187 ]
  [-0.73983541  0.45136897  0.49890844]
  [-0.55622688  0.00681887 -0.83100251]]

 [[-0.62652636 -0.6589767   0.41619039]
  [-0.77936034  0.52429311 -0.34309503]
  [ 0.00788587 -0.53932036 -0.84206376]]

 [[-0.62855904 -0.09863761 -0.7714818 ]
  [ 0.7729835  -0.18901064 -0.60561663]
  [-0.08608169 -0.9770085   0.19504958]]

 [[ 0.39558985 -0.8371586  -0.37772234]
  [-0.07426179 -0.43908022  0.89537353]
  [-0.91542005 -0.32615035 -0.23586457]]

 [[-0.10300527 -0.98058337  0.16687176]
  [-0.88495587  0.16693956  0.43472325]
  [-0.45413989 -0.10289536 -0.88496865]]

 [[-0.90453874 -0.36989551 -0.21210137]
  [ 0.10723978  0.28409025 -0.95278139]
  [ 0.41268548 -0.88457338 -0.21730313]]

 [[-0.02657501 -0.55021132 -0.83460247]
  [ 0.64645002 -0.64628759  0.40548087]
  [-0.76249338 -0.52875313  0.37285921]]

 [[-0.66648897 -0.73838855  0.10283394]
  [-0.72474081  0.60938794 -0.3215542 ]
  [ 0.17476617 -0.28884028 -0.94129065]]

 [[-0.55897452 -0.40878695 -0.72141579]
  [ 0.81362031 -0.10261937 -0.57226853]
  [ 0.15990467 -0.90684206  0.38995897]]

 [[ 0.08929897 -0.92890517 -0.35938961]
  [-0.01839504 -0.36230776  0.93187699]
  [-0.99583499 -0.07660468 -0.04944095]]

 [[-0.73009825 -0.60922852 -0.30951117]
  [ 0.05278609  0.40130285 -0.91442313]
  [ 0.68130036 -0.68395661 -0.26083172]]

 [[ 0.          0.         -1.        ]
  [ 1.          0.          0.        ]
  [ 0.         -1.          0.        ]]

 [[ 0.46156567 -0.84543504  0.26869448]
  [-0.20039427  0.19569118  0.95997245]
  [-0.86417548 -0.49693516 -0.07909601]]

 [[-0.95966834 -0.07888337  0.26984086]
  [-0.20052972  0.86478517 -0.46036338]
  [-0.19703936 -0.49590727 -0.84572541]]

 [[-0.94134207 -0.07198547 -0.32968653]
  [ 0.26997782  0.42547865 -0.86375917]
  [ 0.20245268 -0.90210089 -0.38108647]]

 [[ 0.28447656 -0.50414385 -0.8154214 ]
  [ 0.70433914 -0.46711224  0.53452085]
  [-0.65036872 -0.72639186  0.22220576]]

 [[-0.14516447 -0.87458866  0.46262507]
  [-0.80069709  0.37851711  0.46433713]
  [-0.58121549 -0.30301729 -0.75522783]]

 [[-0.90778391 -0.38703115  0.16166403]
  [-0.41720332  0.79344809 -0.44314954]
  [ 0.04324066 -0.46973079 -0.88175009]]

 [[-0.23798374 -0.22846211 -0.94401737]
  [ 0.97126886 -0.05524622 -0.23148359]
  [ 0.00073184 -0.97198401  0.23504584]]

 [[ 0.27407813 -0.961357    0.02595951]
  [-0.15998301 -0.0189601   0.98693766]
  [-0.94830724 -0.27465111 -0.15899734]]

 [[-0.8655664   0.03455437 -0.49960065]
  [ 0.40262676  0.64125997 -0.65320544]
  [ 0.29780279 -0.76654526 -0.5689656 ]]

 [[ 0.42815866 -0.56764389 -0.70317891]
  [ 0.78359471 -0.15441657  0.60177641]
  [-0.45017718 -0.80866306  0.37868796]]

 [[-0.27796234 -0.78123787  0.55893142]
  [-0.57584626  0.60123847  0.55399764]
  [-0.76885501 -0.16786808 -0.61699455]]

 [[-0.11181089 -0.19130765 -0.97514087]
  [ 0.94762387  0.27490732 -0.16258835]
  [ 0.29917776 -0.94224591  0.15055006]]

 [[ 0.809017   -0.309017   -0.5       ]
  [ 0.309017   -0.5         0.809017  ]
  [-0.5        -0.809017   -0.309017  ]]

 [[-0.19838445 -0.41796144  0.88653926]
  [-0.86742745  0.49597564  0.0397214 ]
  [-0.45630388 -0.76112838 -0.46094507]]

 [[-0.70295463  0.50694044 -0.4988649 ]
  [ 0.61590123  0.08309767 -0.78342866]
  [-0.35569717 -0.8579663  -0.37063913]]

 [[-0.18969307  0.02946222 -0.98140131]
  [ 0.94621581 -0.26133284 -0.1907375 ]
  [-0.26209195 -0.96479901  0.02169541]]

 [[ 0.51108563 -0.8544411   0.09339111]
  [-0.33767797 -0.09968061  0.93596869]
  [-0.79042082 -0.50989626 -0.33947126]]

 [[-0.89996526 -0.22470505  0.37359093]
  [-0.42059623  0.67301667 -0.60839739]
  [-0.11472296 -0.70466746 -0.7002017 ]]

 [[-0.77805444  0.30324262 -0.55015927]
  [ 0.62711003  0.32343833 -0.70860473]
  [-0.03693657 -0.89634345 -0.44181911]]

 [[ 0.6670073  -0.45928577 -0.58664968]
  [ 0.4930374  -0.31823429  0.80971666]
  [-0.55858338 -0.82932716  0.01418046]]

 [[-0.28543297 -0.58088941  0.76229622]
  [-0.74532496  0.6345696   0.20448016]
  [-0.60251037 -0.50979302 -0.61407845]]

 [[-0.01502518  0.29919189 -0.95407467]
  [ 0.97357784 -0.21306747 -0.08214897]
  [-0.22786059 -0.93010025 -0.28808522]]

 [[ 0.70890837 -0.65863821  0.25227891]
  [-0.32933213  0.00718468  0.94418681]
  [-0.62369004 -0.75242549 -0.21181745]]

 [[-0.84243985  0.04391912  0.53699741]
  [-0.33749753  0.73389358 -0.58948761]
  [-0.41998873 -0.67784315 -0.60343859]]

 [[ 0.80318939 -0.16441913 -0.57258464]
  [ 0.53287767 -0.23140078  0.81393801]
  [-0.26632351 -0.95886393 -0.09824337]]

 [[ 0.5        -0.809017    0.309017  ]
  [-0.809017   -0.309017    0.5       ]
  [-0.309017   -0.5        -0.809017  ]]

 [[-0.94196143 -0.0429296   0.33296505]
  [-0.33570538  0.11083861 -0.93542328]
  [ 0.00325197 -0.9929108  -0.1188174 ]]

 [[ 0.03688078  0.05557148 -0.99777334]
  [ 0.58117761 -0.813428   -0.02382216]
  [-0.81294059 -0.57900494 -0.06229675]]

 [[ 0.58966727 -0.4948309  -0.63830628]
  [ 0.31481571 -0.58699124  0.74587691]
  [-0.74376313 -0.64076805 -0.19034897]]

 [[-0.26189787 -0.66543046  0.69900773]
  [-0.91303561  0.40550624  0.04393961]
  [-0.31269075 -0.62671125 -0.71376293]]

 [[-0.82570347  0.21437517 -0.5217826 ]
  [ 0.54075432  0.03743006 -0.84034741]
  [-0.16061926 -0.97603396 -0.14683043]]

 [[ 0.10690143  0.13630305 -0.98488252]
  [ 0.80477864 -0.59355222  0.00520773]
  [-0.58386937 -0.79316913 -0.17314536]]

 [[ 0.55976752 -0.74337602  0.3661317 ]
  [-0.666555   -0.1414334   0.731916  ]
  [-0.49230556 -0.65374972 -0.57467082]]

 [[-0.93188298  0.06539818  0.35681535]
  [-0.30065315  0.41114568 -0.86056198]
  [-0.20298228 -0.90922072 -0.3634775 ]]

 [[ 0.70971563 -0.31019605 -0.63252047]
  [ 0.19907743 -0.77294292  0.60243458]
  [-0.67577505 -0.55347779 -0.48681663]]

 [[-0.10471194 -0.55601883  0.82454744]
  [-0.98713317  0.15885694 -0.01823688]
  [-0.12084505 -0.81584774 -0.56549885]]

 [[-0.82404481  0.40622689 -0.39487957]
  [ 0.36726131 -0.1476673  -0.91832103]
  [-0.43135748 -0.90176167 -0.02750695]]

 [[ 0.75040329 -0.56572198  0.34183849]
  [-0.61828736 -0.41792088  0.6656297 ]
  [-0.23369992 -0.71084513 -0.66338794]]

 [[ 0.309017    0.5        -0.809017  ]
  [ 0.5        -0.809017   -0.309017  ]
  [-0.809017   -0.309017   -0.5       ]]

 [[ 0.74357698 -0.37503184  0.55357421]
  [-0.65669816 -0.5654372   0.49902737]
  [ 0.12586029 -0.73459643 -0.6667288 ]]

 [[-0.73983541  0.45136897  0.49890844]
  [-0.55622688  0.00681887 -0.83100251]
  [-0.37849073 -0.89231137  0.2460187 ]]

 [[-0.77936034  0.52429311 -0.34309503]
  [ 0.00788587 -0.53932036 -0.84206376]
  [-0.62652636 -0.6589767   0.41619039]]

 [[ 0.7729835  -0.18901064 -0.60561663]
  [-0.08608169 -0.9770085   0.19504958]
  [-0.62855904 -0.09863761 -0.7714818 ]]

 [[-0.07426179 -0.43908022  0.89537353]
  [-0.91542005 -0.32615035 -0.23586457]
  [ 0.39558985 -0.8371586  -0.37772234]]

 [[-0.88495587  0.16693956  0.43472325]
  [-0.45413989 -0.10289536 -0.88496865]
  [-0.10300527 -0.98058337  0.16687176]]

 [[ 0.10723978  0.28409025 -0.95278139]
  [ 0.41268548 -0.88457338 -0.21730313]
  [-0.90453874 -0.36989551 -0.21210137]]

 [[ 0.64645002 -0.64628759  0.40548087]
  [-0.76249338 -0.52875313  0.37285921]
  [-0.02657501 -0.55021132 -0.83460247]]

 [[-0.72474081  0.60938794 -0.3215542 ]
  [ 0.17476617 -0.28884028 -0.94129065]
  [-0.66648897 -0.73838855  0.10283394]]

 [[ 0.81362031 -0.10261937 -0.57226853]
  [ 0.15990467 -0.90684206  0.38995897]
  [-0.55897452 -0.40878695 -0.72141579]]

 [[-0.01839504 -0.36230776  0.93187699]
  [-0.99583499 -0.07660468 -0.04944095]
  [ 0.08929897 -0.92890517 -0.35938961]]

 [[ 0.05278609  0.40130285 -0.91442313]
  [ 0.68130036 -0.68395661 -0.26083172]
  [-0.73009825 -0.60922852 -0.30951117]]

 [[ 1.          0.          0.        ]
  [ 0.         -1.          0.        ]
  [ 0.          0.         -1.        ]]

 [[-0.20039427  0.19569118  0.95997245]
  [-0.86417548 -0.49693516 -0.07909601]
  [ 0.46156567 -0.84543504  0.26869448]]

 [[-0.20052972  0.86478517 -0.46036338]
  [-0.19703936 -0.49590727 -0.84572541]
  [-0.95966834 -0.07888337  0.26984086]]

 [[ 0.26997782  0.42547865 -0.86375917]
  [ 0.20245268 -0.90210089 -0.38108647]
  [-0.94134207 -0.07198547 -0.32968653]]

 [[ 0.70433914 -0.46711224  0.53452085]
  [-0.65036872 -0.72639186  0.22220576]
  [ 0.28447656 -0.50414385 -0.8154214 ]]

 [[-0.80069709  0.37851711  0.46433713]
  [-0.58121549 -0.30301729 -0.75522783]
  [-0.14516447 -0.87458866  0.46262507]]

 [[-0.41720332  0.79344809 -0.44314954]
  [ 0.04324066 -0.46973079 -0.88175009]
  [-0.90778391 -0.38703115  0.16166403]]

 [[ 0.97126886 -0.05524622 -0.23148359]
  [ 0.00073184 -0.97198401  0.23504584]
  [-0.23798374 -0.22846211 -0.94401737]]

 [[-0.15998301 -0.0189601   0.98693766]
  [-0.94830724 -0.27465111 -0.15899734]
  [ 0.27407813 -0.961357    0.02595951]]

 [[ 0.40262676  0.64125997 -0.65320544]
  [ 0.29780279 -0.76654526 -0.5689656 ]
  [-0.8655664   0.03455437 -0.49960065]]

 [[ 0.78359471 -0.15441657  0.60177641]
  [-0.45017718 -0.80866306  0.37868796]
  [ 0.42815866 -0.56764389 -0.70317891]]

 [[-0.57584626  0.60123847  0.55399764]
  [-0.76885501 -0.16786808 -0.61699455]
  [-0.27796234 -0.78123787  0.55893142]]

 [[ 0.94762387  0.27490732 -0.16258835]
  [ 0.29917776 -0.94224591  0.15055006]
  [-0.11181089 -0.19130765 -0.97514087]]

 [[ 0.309017   -0.5         0.809017  ]
  [-0.5        -0.809017   -0.309017  ]
  [ 0.809017   -0.309017   -0.5       ]]

 [[-0.86742745  0.49597564  0.0397214 ]
  [-0.45630388 -0.76112838 -0.46094507]
  [-0.19838445 -0.41796144  0.88653926]]

 [[ 0.61590123  0.08309767 -0.78342866]
  [-0.35569717 -0.8579663  -0.37063913]
  [-0.70295463  0.50694044 -0.4988649 ]]

 [[ 0.94621581 -0.26133284 -0.1907375 ]
  [-0.26209195 -0.96479901  0.02169541]
  [-0.18969307  0.02946222 -0.98140131]]

 [[-0.33767797 -0.09968061  0.93596869]
  [-0.79042082 -0.50989626 -0.33947126]
  [ 0.51108563 -0.8544411   0.09339111]]

 [[-0.42059623  0.67301667 -0.60839739]
  [-0.11472296 -0.70466746 -0.7002017 ]
  [-0.89996526 -0.22470505  0.37359093]]

 [[ 0.62711003  0.32343833 -0.70860473]
  [-0.03693657 -0.89634345 -0.44181911]
  [-0.77805444  0.30324262 -0.55015927]]

 [[ 0.4930374  -0.31823429  0.80971666]
  [-0.55858338 -0.82932716  0.01418046]
  [ 0.6670073  -0.45928577 -0.58664968]]

 [[-0.74532496  0.6345696   0.20448016]
  [-0.60251037 -0.50979302 -0.61407845]
  [-0.28543297 -0.58088941  0.76229622]]

 [[ 0.97357784 -0.21306747 -0.08214897]
  [-0.22786059 -0.93010025 -0.28808522]
  [-0.01502518  0.29919189 -0.95407467]]

 [[-0.32933213  0.00718468  0.94418681]
  [-0.62369004 -0.75242549 -0.21181745]
  [ 0.70890837 -0.65863821  0.25227891]]

 [[-0.33749753  0.73389358 -0.58948761]
  [-0.41998873 -0.67784315 -0.60343859]
  [-0.84243985  0.04391912  0.53699741]]

 [[ 0.53287767 -0.23140078  0.81393801]
  [-0.26632351 -0.95886393 -0.09824337]
  [ 0.80318939 -0.16441913 -0.57258464]]

 [[-0.809017   -0.309017    0.5       ]
  [-0.309017   -0.5        -0.809017  ]
  [ 0.5        -0.809017    0.309017  ]]

 [[-0.33570538  0.11083861 -0.93542328]
  [ 0.00325197 -0.9929108  -0.1188174 ]
  [-0.94196143 -0.0429296   0.33296505]]

 [[ 0.58117761 -0.813428   -0.02382216]
  [-0.81294059 -0.57900494 -0.06229675]
  [ 0.03688078  0.05557148 -0.99777334]]

 [[ 0.31481571 -0.58699124  0.74587691]
  [-0.74376313 -0.64076805 -0.19034897]
  [ 0.58966727 -0.4948309  -0.63830628]]

 [[-0.91303561  0.40550624  0.04393961]
  [-0.31269075 -0.62671125 -0.71376293]
  [-0.26189787 -0.66543046  0.69900773]]

 [[ 0.54075432  0.03743006 -0.84034741]
  [-0.16061926 -0.97603396 -0.14683043]
  [-0.82570347  0.21437517 -0.5217826 ]]

 [[ 0.80477864 -0.59355222  0.00520773]
  [-0.58386937 -0.79316913 -0.17314536]
  [ 0.10690143  0.13630305 -0.98488252]]

 [[-0.666555   -0.1414334   0.731916  ]
  [-0.49230556 -0.65374972 -0.57467082]
  [ 0.55976752 -0.74337602  0.3661317 ]]

 [[-0.30065315  0.41114568 -0.86056198]
  [-0.20298228 -0.90922072 -0.3634775 ]
  [-0.93188298  0.06539818  0.35681535]]

 [[ 0.19907743 -0.77294292  0.60243458]
  [-0.67577505 -0.55347779 -0.48681663]
  [ 0.70971563 -0.31019605 -0.63252047]]

 [[-0.98713317  0.15885694 -0.01823688]
  [-0.12084505 -0.81584774 -0.56549885]
  [-0.10471194 -0.55601883  0.82454744]]

 [[ 0.36726131 -0.1476673  -0.91832103]
  [-0.43135748 -0.90176167 -0.02750695]
  [-0.82404481  0.40622689 -0.39487957]]

 [[-0.61828736 -0.41792088  0.6656297 ]
  [-0.23369992 -0.71084513 -0.66338794]
  [ 0.75040329 -0.56572198  0.34183849]]

 [[-0.809017    0.309017   -0.5       ]
  [ 0.309017   -0.5        -0.809017  ]
  [-0.5        -0.809017    0.309017  ]]

 [[ 0.65995012 -0.4274736  -0.61784478]
  [-0.12059851 -0.871967    0.47447821]
  [-0.74156716 -0.23862078 -0.6270074 ]]

 [[-0.2567137  -0.58582381  0.76870576]
  [-0.93687477 -0.04453831 -0.34681697]
  [ 0.2374105  -0.8092137  -0.53740996]]

 [[-0.751649   -0.10144768  0.65171478]
  [-0.57690766 -0.37780777 -0.72418151]
  [ 0.31968945 -0.92030955  0.22545289]]

 [[-0.22660906  0.35029725 -0.90881251]
  [ 0.12261478 -0.9154025  -0.38341087]
  [-0.96623701 -0.19831822  0.16448689]]

 [[ 0.75480079 -0.64988361  0.08903414]
  [-0.65547728 -0.74209752  0.1401457 ]
  [-0.02500638 -0.16414193 -0.98611973]]

 [[-0.12972947 -0.69027377  0.71182329]
  [-0.84171521 -0.30279123 -0.44702684]
  [ 0.52410476 -0.65714504 -0.54173298]]

 [[-0.90499104  0.23082366 -0.35736769]
  [ 0.10797162 -0.68789376 -0.71773555]
  [-0.41150134 -0.6881298   0.59761529]]

 [[ 0.5595111  -0.38046759 -0.73633671]
  [-0.30185722 -0.92093871  0.24648353]
  [-0.77189997  0.08435829 -0.63012231]]

 [[-0.85054122 -0.26463752  0.45447402]
  [-0.42693802 -0.15715733 -0.8905198 ]
  [ 0.30708888 -0.95145602  0.02068497]]

 [[-0.28074971  0.09099432 -0.95545782]
  [ 0.36344313 -0.91128243 -0.19358057]
  [-0.88830665 -0.40160226  0.22277103]]

 [[ 0.56447751 -0.82515699  0.02193401]
  [-0.78725005 -0.53017585  0.31488243]
  [-0.24819856 -0.19501159 -0.94887722]]

 [[-0.91500028 -0.02688852 -0.40255622]
  [ 0.35196385 -0.54094306 -0.76387307]
  [-0.19722058 -0.8406293   0.50442684]]

 [[-0.309017    0.5         0.809017  ]
  [ 0.5         0.809017   -0.309017  ]
  [-0.809017    0.309017   -0.5       ]]

 [[ 0.12059851  0.871967   -0.47447821]
  [ 0.74156716  0.23862078  0.6270074 ]
  [ 0.65995012 -0.4274736  -0.61784478]]

 [[ 0.93687477  0.04453831  0.34681697]
  [-0.2374105   0.8092137   0.53740996]
  [-0.2567137  -0.58582381  0.76870576]]

 [[ 0.57690766  0.37780777  0.72418151]
  [-0.31968945  0.92030955 -0.22545289]
  [-0.751649   -0.10144768  0.65171478]]

 [[-0.12261478  0.9154025   0.38341087]
  [ 0.96623701  0.19831822 -0.16448689]
  [-0.22660906  0.35029725 -0.90881251]]

 [[ 0.65547728  0.74209752 -0.1401457 ]
  [ 0.02500638  0.16414193  0.98611973]
  [ 0.75480079 -0.64988361  0.08903414]]

 [[ 0.84171521  0.30279123  0.44702684]
  [-0.52410476  0.65714504  0.54173298]
  [-0.12972947 -0.69027377  0.71182329]]

 [[-0.10797162  0.68789376  0.71773555]
  [ 0.41150134  0.6881298  -0.59761529]
  [-0.90499104  0.23082366 -0.35736769]]

 [[ 0.30185722  0.92093871 -0.24648353]
  [ 0.77189997 -0.08435829  0.63012231]
  [ 0.5595111  -0.38046759 -0.73633671]]

 [[ 0.42693802  0.15715733  0.8905198 ]
  [-0.30708888  0.95145602 -0.02068497]
  [-0.85054122 -0.26463752  0.45447402]]

 [[-0.36344313  0.91128243  0.19358057]
  [ 0.88830665  0.40160226 -0.22277103]
  [-0.28074971  0.09099432 -0.95545782]]

 [[ 0.78725005  0.53017585 -0.31488243]
  [ 0.24819856  0.19501159  0.94887722]
  [ 0.56447751 -0.82515699  0.02193401]]

 [[-0.35196385  0.54094306  0.76387307]
  [ 0.19722058  0.8406293  -0.50442684]
  [-0.91500028 -0.02688852 -0.40255622]]

 [[-0.5         0.809017    0.309017  ]
  [ 0.809017    0.309017    0.5       ]
  [ 0.309017    0.5        -0.809017  ]]

 [[ 0.65669816  0.5654372  -0.49902737]
  [-0.12586029  0.73459643  0.6667288 ]
  [ 0.74357698 -0.37503184  0.55357421]]

 [[ 0.55622688 -0.00681887  0.83100251]
  [ 0.37849073  0.89231137 -0.2460187 ]
  [-0.73983541  0.45136897  0.49890844]]

 [[-0.00788587  0.53932036  0.84206376]
  [ 0.62652636  0.6589767  -0.41619039]
  [-0.77936034  0.52429311 -0.34309503]]

 [[ 0.08608169  0.9770085  -0.19504958]
  [ 0.62855904  0.09863761  0.7714818 ]
  [ 0.7729835  -0.18901064 -0.60561663]]

 [[ 0.91542005  0.32615035  0.23586457]
  [-0.39558985  0.8371586   0.37772234]
  [-0.07426179 -0.43908022  0.89537353]]

 [[ 0.45413989  0.10289536  0.88496865]
  [ 0.10300527  0.98058337 -0.16687176]
  [-0.88495587  0.16693956  0.43472325]]

 [[-0.41268548  0.88457338  0.21730313]
  [ 0.90453874  0.36989551  0.21210137]
  [ 0.10723978  0.28409025 -0.95278139]]

 [[ 0.76249338  0.52875313 -0.37285921]
  [ 0.02657501  0.55021132  0.83460247]
  [ 0.64645002 -0.64628759  0.40548087]]

 [[-0.17476617  0.28884028  0.94129065]
  [ 0.66648897  0.73838855 -0.10283394]
  [-0.72474081  0.60938794 -0.3215542 ]]

 [[-0.15990467  0.90684206 -0.38995897]
  [ 0.55897452  0.40878695  0.72141579]
  [ 0.81362031 -0.10261937 -0.57226853]]

 [[ 0.99583499  0.07660468  0.04944095]
  [-0.08929897  0.92890517  0.35938961]
  [-0.01839504 -0.36230776  0.93187699]]

 [[-0.68130036  0.68395661  0.26083172]
  [ 0.73009825  0.60922852  0.30951117]
  [ 0.05278609  0.40130285 -0.91442313]]

 [[ 0.          1.          0.        ]
  [ 0.          0.          1.        ]
  [ 1.          0.          0.        ]]

 [[ 0.86417548  0.49693516  0.07909601]
  [-0.46156567  0.84543504 -0.26869448]
  [-0.20039427  0.19569118  0.95997245]]

 [[ 0.19703936  0.49590727  0.84572541]
  [ 0.95966834  0.07888337 -0.26984086]
  [-0.20052972  0.86478517 -0.46036338]]

 [[-0.20245268  0.90210089  0.38108647]
  [ 0.94134207  0.07198547  0.32968653]
  [ 0.26997782  0.42547865 -0.86375917]]

 [[ 0.65036872  0.72639186 -0.22220576]
  [-0.28447656  0.50414385  0.8154214 ]
  [ 0.70433914 -0.46711224  0.53452085]]

 [[ 0.58121549  0.30301729  0.75522783]
  [ 0.14516447  0.87458866 -0.46262507]
  [-0.80069709  0.37851711  0.46433713]]

 [[-0.04324066  0.46973079  0.88175009]
  [ 0.90778391  0.38703115 -0.16166403]
  [-0.41720332  0.79344809 -0.44314954]]

 [[-0.00073184  0.97198401 -0.23504584]
  [ 0.23798374  0.22846211  0.94401737]
  [ 0.97126886 -0.05524622 -0.23148359]]

 [[ 0.94830724  0.27465111  0.15899734]
  [-0.27407813  0.961357   -0.02595951]
  [-0.15998301 -0.0189601   0.98693766]]

 [[-0.29780279  0.76654526  0.5689656 ]
  [ 0.8655664  -0.03455437  0.49960065]
  [ 0.40262676  0.64125997 -0.65320544]]

 [[ 0.45017718  0.80866306 -0.37868796]
  [-0.42815866  0.56764389  0.70317891]
  [ 0.78359471 -0.15441657  0.60177641]]

 [[ 0.76885501  0.16786808  0.61699455]
  [ 0.27796234  0.78123787 -0.55893142]
  [-0.57584626  0.60123847  0.55399764]]

 [[-0.29917776  0.94224591 -0.15055006]
  [ 0.11181089  0.19130765  0.97514087]
  [ 0.94762387  0.27490732 -0.16258835]]

 [[ 0.5         0.809017    0.309017  ]
  [-0.809017    0.309017    0.5       ]
  [ 0.309017   -0.5         0.809017  ]]

 [[ 0.45630388  0.76112838  0.46094507]
  [ 0.19838445  0.41796144 -0.88653926]
  [-0.86742745  0.49597564  0.0397214 ]]

 [[ 0.35569717  0.8579663   0.37063913]
  [ 0.70295463 -0.50694044  0.4988649 ]
  [ 0.61590123  0.08309767 -0.78342866]]

 [[ 0.26209195  0.96479901 -0.02169541]
  [ 0.18969307 -0.02946222  0.98140131]
  [ 0.94621581 -0.26133284 -0.1907375 ]]

 [[ 0.79042082  0.50989626  0.33947126]
  [-0.51108563  0.8544411  -0.09339111]
  [-0.33767797 -0.09968061  0.93596869]]

 [[ 0.11472296  0.70466746  0.7002017 ]
  [ 0.89996526  0.22470505 -0.37359093]
  [-0.42059623  0.67301667 -0.60839739]]

 [[ 0.03693657  0.89634345  0.44181911]
  [ 0.77805444 -0.30324262  0.55015927]
  [ 0.62711003  0.32343833 -0.70860473]]

 [[ 0.55858338  0.82932716 -0.01418046]
  [-0.6670073   0.45928577  0.58664968]
  [ 0.4930374  -0.31823429  0.80971666]]

 [[ 0.60251037  0.50979302  0.61407845]
  [ 0.28543297  0.58088941 -0.76229622]
  [-0.74532496  0.6345696   0.20448016]]

 [[ 0.22786059  0.93010025  0.28808522]
  [ 0.01502518 -0.29919189  0.95407467]
  [ 0.97357784 -0.21306747 -0.08214897]]

 [[ 0.62369004  0.75242549  0.21181745]
  [-0.70890837  0.65863821 -0.25227891]
  [-0.32933213  0.00718468  0.94418681]]

 [[ 0.41998873  0.67784315  0.60343859]
  [ 0.84243985 -0.04391912 -0.53699741]
  [-0.33749753  0.73389358 -0.58948761]]

 [[ 0.26632351  0.95886393  0.09824337]
  [-0.80318939  0.16441913  0.57258464]
  [ 0.53287767 -0.23140078  0.81393801]]

 [[ 0.309017    0.5         0.809017  ]
  [-0.5         0.809017   -0.309017  ]
  [-0.809017   -0.309017    0.5       ]]

 [[-0.00325197  0.9929108   0.1188174 ]
  [ 0.94196143  0.0429296  -0.33296505]
  [-0.33570538  0.11083861 -0.93542328]]

 [[ 0.81294059  0.57900494  0.06229675]
  [-0.03688078 -0.05557148  0.99777334]
  [ 0.58117761 -0.813428   -0.02382216]]

 [[ 0.74376313  0.64076805  0.19034897]
  [-0.58966727  0.4948309   0.63830628]
  [ 0.31481571 -0.58699124  0.74587691]]

 [[ 0.31269075  0.62671125  0.71376293]
  [ 0.26189787  0.66543046 -0.69900773]
  [-0.91303561  0.40550624  0.04393961]]

 [[ 0.16061926  0.97603396  0.14683043]
