[[[ 1.          0.          0.        ]
  [ 0.          1.          0.        ]
  [ 0.          0.          1.        ]]

 [[ 0.48899682  0.86831909 -0.08309064]
  [-0.76820656  0.47381621  0.43053093]
  [ 0.41320792 -0.14669748  0.89874305]]

 [[-0.42844534  0.87485311  0.22597927]
  [-0.61314904 -0.46519902  0.63846545]
  [ 0.66368881  0.13498858  0.7357277 ]]

 [[-0.81666101  0.12468804  0.56348708]
  [ 0.18629474 -0.86715664  0.46188054]
  [ 0.54622255  0.4821745   0.68494429]]

 [[-0.23673041 -0.74234941  0.62679826]
  [ 0.95607825 -0.29275942  0.0143635 ]
  [ 0.17283836  0.60266846  0.77904918]]

 [[ 0.63330522 -0.70627325  0.31638994]
  [ 0.77046097  0.6139031  -0.17179313]
  [-0.07289988  0.35256359  0.93294401]]

 [[-0.94581443 -0.02051597  0.32405887]
  [ 0.25459407 -0.66628572  0.70088887]
  [ 0.20153638  0.74541427  0.63540589]]

 [[-0.809017   -0.5         0.309017  ]
  [-0.5         0.309017   -0.809017  ]
  [ 0.309017   -0.809017   -0.5       ]]

 [[ 0.11618481 -0.98472503  0.12968316]
  [-0.81617953 -0.16906153 -0.55251171]
  [ 0.56599654 -0.04165126 -0.82335479]]

 [[ 0.85828521 -0.43345776 -0.27470143]
  [-0.51218634 -0.69038901 -0.51090917]
  [ 0.0318067   0.57920411 -0.81456181]]

 [[ 0.73633732  0.48170369 -0.47515147]
  [ 0.02399542 -0.72039754 -0.69314618]
  [-0.67618902  0.49898794 -0.54201426]]

 [[-0.2331102   0.9331878  -0.27353276]
  [ 0.27398046 -0.20686196 -0.9392246 ]
  [-0.93305646 -0.29388547 -0.20745358]]

 [[-0.92011248  0.37338366  0.11822728]
  [-0.01958983  0.25761318 -0.96604953]
  [-0.39116401 -0.89119028 -0.22971857]]

 [[ 0.70016109  0.58008631 -0.41626235]
  [ 0.38853475 -0.79868845 -0.45949703]
  [-0.59901186  0.15998955 -0.78459425]]

 [[ 0.          1.          0.        ]
  [ 0.          0.         -1.        ]
  [-1.          0.          0.        ]]

 [[-0.76820656  0.47381621  0.43053093]
  [-0.41320792  0.14669748 -0.89874305]
  [-0.48899682 -0.86831909  0.08309064]]

 [[-0.61314904 -0.46519902  0.63846545]
  [-0.66368881 -0.13498858 -0.7357277 ]
  [ 0.42844534 -0.87485311 -0.22597927]]

 [[ 0.18629474 -0.86715664  0.46188054]
  [-0.54622255 -0.4821745  -0.68494429]
  [ 0.81666101 -0.12468804 -0.56348708]]

 [[ 0.95607825 -0.29275942  0.0143635 ]
  [-0.17283836 -0.60266846 -0.77904918]
  [ 0.23673041  0.74234941 -0.62679826]]

 [[ 0.77046097  0.6139031  -0.17179313]
  [ 0.07289988 -0.35256359 -0.93294401]
  [-0.63330522  0.70627325 -0.31638994]]

 [[ 0.25459407 -0.66628572  0.70088887]
  [-0.20153638 -0.74541427 -0.63540589]
  [ 0.94581443  0.02051597 -0.32405887]]

 [[ 0.809017   -0.5        -0.309017  ]
  [-0.5        -0.309017   -0.809017  ]
  [ 0.309017    0.809017   -0.5       ]]

 [[ 0.65202175  0.51090882 -0.56021409]
  [-0.34140176 -0.46189605 -0.81859446]
  [-0.6769878   0.72499947 -0.1267411 ]]

 [[-0.24513617  0.89865678 -0.36376402]
  [-0.13323939 -0.4028802  -0.90550252]
  [-0.9602893  -0.17350372  0.21849699]]

 [[-0.92263206  0.38545295  0.01327093]
  [-0.09114106 -0.18446525 -0.97860405]
  [-0.3747578  -0.90410099  0.20532415]]

 [[-0.72296804 -0.64042838  0.25916926]
  [-0.3169084  -0.02592669 -0.94810173]
  [ 0.61391065 -0.76758017 -0.18421296]]

 [[ 0.1496515  -0.98728676  0.05356585]
  [-0.49576091 -0.12179981 -0.85987554]
  [ 0.85546804  0.10212581 -0.50768569]]

 [[-0.95475516  0.08619941 -0.28462652]
  [ 0.23118696 -0.38690122 -0.89267018]
  [-0.18707    -0.91808339  0.34946776]]

 [[ 0.5         0.309017   -0.809017  ]
  [-0.309017   -0.809017   -0.5       ]
  [-0.809017    0.5        -0.309017  ]]

 [[-0.32718271  0.69925757 -0.63560235]
  [ 0.26377987 -0.57830199 -0.77200194]
  [-0.9073983  -0.42024479  0.00476033]]

 [[-0.94063168  0.1844641  -0.2849299 ]
  [ 0.29660048  0.03851514 -0.95422468]
  [-0.16504608 -0.98208431 -0.09094071]]

 [[-0.79266559 -0.59570949 -0.12965909]
  [-0.17146475  0.42192649 -0.89026844]
  [ 0.58504795 -0.68345319 -0.43658979]]

 [[ 0.03725005 -0.94921137 -0.31242634]
  [-0.78674901  0.16491171 -0.59483622]
  [ 0.61614806  0.26795878 -0.74064814]]

 [[ 0.61371539 -0.44866007 -0.64965959]
  [-0.78256816 -0.4546894  -0.42525832]
  [-0.1045969   0.76939047 -0.63015697]]

 [[-0.55727968 -0.81920442 -0.13543816]
  [-0.01446639  0.17266912 -0.98487365]
  [ 0.83019882 -0.54689077 -0.10807592]]

 [[-0.309017   -0.809017   -0.5       ]
  [-0.809017    0.5        -0.309017  ]
  [ 0.5         0.309017   -0.809017  ]]

 [[ 0.26377987 -0.57830199 -0.77200194]
  [-0.9073983  -0.42024479  0.00476033]
  [-0.32718271  0.69925757 -0.63560235]]

 [[ 0.29660048  0.03851514 -0.95422468]
  [-0.16504608 -0.98208431 -0.09094071]
  [-0.94063168  0.1844641  -0.2849299 ]]

 [[-0.17146475  0.42192649 -0.89026844]
  [ 0.58504795 -0.68345319 -0.43658979]
  [-0.79266559 -0.59570949 -0.12965909]]

 [[-0.78674901  0.16491171 -0.59483622]
  [ 0.61614806  0.26795878 -0.74064814]
  [ 0.03725005 -0.94921137 -0.31242634]]

 [[-0.78256816 -0.4546894  -0.42525832]
  [-0.1045969   0.76939047 -0.63015697]
  [ 0.61371539 -0.44866007 -0.64965959]]

 [[-0.01446639  0.17266912 -0.98487365]
  [ 0.83019882 -0.54689077 -0.10807592]
  [-0.55727968 -0.81920442 -0.13543816]]

 [[-0.809017    0.5        -0.309017  ]
  [ 0.5         0.309017   -0.809017  ]
  [-0.309017   -0.809017   -0.5       ]]

 [[-0.9073983  -0.42024479  0.00476033]
  [-0.32718271  0.69925757 -0.63560235]
  [ 0.26377987 -0.57830199 -0.77200194]]

 [[-0.16504608 -0.98208431 -0.09094071]
  [-0.94063168  0.1844641  -0.2849299 ]
  [ 0.29660048  0.03851514 -0.95422468]]

 [[ 0.58504795 -0.68345319 -0.43658979]
  [-0.79266559 -0.59570949 -0.12965909]
  [-0.17146475  0.42192649 -0.89026844]]

 [[ 0.61614806  0.26795878 -0.74064814]
  [ 0.03725005 -0.94921137 -0.31242634]
  [-0.78674901  0.16491171 -0.59483622]]

 [[-0.1045969   0.76939047 -0.63015697]
  [ 0.61371539 -0.44866007 -0.64965959]
  [-0.78256816 -0.4546894  -0.42525832]]

 [[ 0.83019882 -0.54689077 -0.10807592]
  [-0.55727968 -0.81920442 -0.13543816]
  [-0.01446639  0.17266912 -0.98487365]]

 [[-0.809017   -0.5        -0.309017  ]
  [ 0.5        -0.309017   -0.809017  ]
  [ 0.309017   -0.809017    0.5       ]]

 [[-0.13919174 -0.894061   -0.4257706 ]
  [ 0.14759507  0.40642304 -0.9016851 ]
  [ 0.97920446 -0.18834875  0.07538826]]

 [[ 0.44810296 -0.51688529 -0.72940616]
  [-0.56168473  0.4719729  -0.67952326]
  [ 0.69549551  0.71419268 -0.07883412]]

 [[ 0.39875321  0.18370345 -0.89847033]
  [-0.90780207 -0.0597772  -0.41511697]
  [-0.12996647  0.98116244  0.14293003]]

 [[-0.33993019  0.5607182  -0.75501164]
  [-0.55363881 -0.7682761  -0.32130346]
  [-0.76021809  0.30878299  0.5715956 ]]

 [[-0.87505787  0.15548737 -0.45836384]
  [ 0.13754431 -0.82807305 -0.54348559]
  [-0.46406388 -0.53862669  0.70322544]]

 [[ 0.57560475  0.11939494 -0.80896479]
  [-0.71462747 -0.40741719 -0.56861131]
  [-0.39747548  0.90540383 -0.14918836]]

 [[-0.309017    0.809017   -0.5       ]
  [-0.809017   -0.5        -0.309017  ]
  [-0.5         0.309017    0.809017  ]]

 [[-0.97920446  0.18834875 -0.07538826]
  [-0.13919174 -0.894061   -0.4257706 ]
  [-0.14759507 -0.40642304  0.9016851 ]]

 [[-0.69549551 -0.71419268  0.07883412]
  [ 0.44810296 -0.51688529 -0.72940616]
  [ 0.56168473 -0.4719729   0.67952326]]

 [[ 0.12996647 -0.98116244 -0.14293003]
  [ 0.39875321  0.18370345 -0.89847033]
  [ 0.90780207  0.0597772   0.41511697]]

 [[ 0.76021809 -0.30878299 -0.5715956 ]
  [-0.33993019  0.5607182  -0.75501164]
  [ 0.55363881  0.7682761   0.32130346]]

 [[ 0.46406388  0.53862669 -0.70322544]
  [-0.87505787  0.15548737 -0.45836384]
  [-0.13754431  0.82807305  0.54348559]]

 [[ 0.39747548 -0.90540383  0.14918836]
  [ 0.57560475  0.11939494 -0.80896479]
  [ 0.71462747  0.40741719  0.56861131]]

 [[ 0.5        -0.309017   -0.809017  ]
  [-0.309017    0.809017   -0.5       ]
  [ 0.809017    0.5         0.309017  ]]

 [[ 0.14759507  0.40642304 -0.9016851 ]
  [-0.97920446  0.18834875 -0.07538826]
  [ 0.13919174  0.894061    0.4257706 ]]

 [[-0.56168473  0.4719729  -0.67952326]
  [-0.69549551 -0.71419268  0.07883412]
  [-0.44810296  0.51688529  0.72940616]]

 [[-0.90780207 -0.0597772  -0.41511697]
  [ 0.12996647 -0.98116244 -0.14293003]
  [-0.39875321 -0.18370345  0.89847033]]

 [[-0.55363881 -0.7682761  -0.32130346]
  [ 0.76021809 -0.30878299 -0.5715956 ]
  [ 0.33993019 -0.5607182   0.75501164]]

 [[ 0.13754431 -0.82807305 -0.54348559]
  [ 0.46406388  0.53862669 -0.70322544]
  [ 0.87505787 -0.15548737  0.45836384]]

 [[-0.71462747 -0.40741719 -0.56861131]
  [ 0.39747548 -0.90540383  0.14918836]
  [-0.57560475 -0.11939494  0.80896479]]

 [[ 0.          0.         -1.        ]
  [-1.          0.          0.        ]
  [ 0.          1.          0.        ]]

 [[-0.41320792  0.14669748 -0.89874305]
  [-0.48899682 -0.86831909  0.08309064]
  [-0.76820656  0.47381621  0.43053093]]

 [[-0.66368881 -0.13498858 -0.7357277 ]
  [ 0.42844534 -0.87485311 -0.22597927]
  [-0.61314904 -0.46519902  0.63846545]]

 [[-0.54622255 -0.4821745  -0.68494429]
  [ 0.81666101 -0.12468804 -0.56348708]
  [ 0.18629474 -0.86715664  0.46188054]]

 [[-0.17283836 -0.60266846 -0.77904918]
  [ 0.23673041  0.74234941 -0.62679826]
  [ 0.95607825 -0.29275942  0.0143635 ]]

 [[ 0.07289988 -0.35256359 -0.93294401]
  [-0.63330522  0.70627325 -0.31638994]
  [ 0.77046097  0.6139031  -0.17179313]]

 [[-0.20153638 -0.74541427 -0.63540589]
  [ 0.94581443  0.02051597 -0.32405887]
  [ 0.25459407 -0.66628572  0.70088887]]

 [[-0.5        -0.309017   -0.809017  ]
  [ 0.309017    0.809017   -0.5       ]
  [ 0.809017   -0.5        -0.309017  ]]

 [[-0.34140176 -0.46189605 -0.81859446]
  [-0.6769878   0.72499947 -0.1267411 ]
  [ 0.65202175  0.51090882 -0.56021409]]

 [[-0.13323939 -0.4028802  -0.90550252]
  [-0.9602893  -0.17350372  0.21849699]
  [-0.24513617  0.89865678 -0.36376402]]

 [[-0.09114106 -0.18446525 -0.97860405]
  [-0.3747578  -0.90410099  0.20532415]
  [-0.92263206  0.38545295  0.01327093]]

 [[-0.3169084  -0.02592669 -0.94810173]
  [ 0.61391065 -0.76758017 -0.18421296]
  [-0.72296804 -0.64042838  0.25916926]]

 [[-0.49576091 -0.12179981 -0.85987554]
  [ 0.85546804  0.10212581 -0.50768569]
  [ 0.1496515  -0.98728676  0.05356585]]

 [[ 0.23118696 -0.38690122 -0.89267018]
  [-0.18707    -0.91808339  0.34946776]
  [-0.95475516  0.08619941 -0.28462652]]

 [[-0.5         0.309017   -0.809017  ]
  [ 0.309017   -0.809017   -0.5       ]
  [-0.809017   -0.5         0.309017  ]]

 [[-0.81617953 -0.16906153 -0.55251171]
  [ 0.56599654 -0.04165126 -0.82335479]
  [ 0.11618481 -0.98472503  0.12968316]]

 [[-0.51218634 -0.69038901 -0.51090917]
  [ 0.0318067   0.57920411 -0.81456181]
  [ 0.85828521 -0.43345776 -0.27470143]]

 [[ 0.02399542 -0.72039754 -0.69314618]
  [-0.67618902  0.49898794 -0.54201426]
  [ 0.73633732  0.48170369 -0.47515147]]

 [[ 0.27398046 -0.20686196 -0.9392246 ]
  [-0.93305646 -0.29388547 -0.20745358]
  [-0.2331102   0.9331878  -0.27353276]]

 [[-0.01958983  0.25761318 -0.96604953]
  [-0.39116401 -0.89119028 -0.22971857]
  [-0.92011248  0.37338366  0.11822728]]

 [[ 0.38853475 -0.79868845 -0.45949703]
  [-0.59901186  0.15998955 -0.78459425]
  [ 0.70016109  0.58008631 -0.41626235]]

 [[-0.309017   -0.809017   -0.5       ]
  [ 0.809017   -0.5         0.309017  ]
  [-0.5        -0.309017    0.809017  ]]

 [[ 0.26377987 -0.57830199 -0.77200194]
  [ 0.9073983   0.42024479 -0.00476033]
  [ 0.32718271 -0.69925757  0.63560235]]

 [[ 0.29660048  0.03851514 -0.95422468]
  [ 0.16504608  0.98208431  0.09094071]
  [ 0.94063168 -0.1844641   0.2849299 ]]

 [[-0.17146475  0.42192649 -0.89026844]
  [-0.58504795  0.68345319  0.43658979]
  [ 0.79266559  0.59570949  0.12965909]]

 [[-0.78674901  0.16491171 -0.59483622]
  [-0.61614806 -0.26795878  0.74064814]
  [-0.03725005  0.94921137  0.31242634]]

 [[-0.78256816 -0.4546894  -0.42525832]
  [ 0.1045969  -0.76939047  0.63015697]
  [-0.61371539  0.44866007  0.64965959]]

 [[-0.01446639  0.17266912 -0.98487365]
  [-0.83019882  0.54689077  0.10807592]
  [ 0.55727968  0.81920442  0.13543816]]

 [[-0.809017    0.5        -0.309017  ]
  [-0.5        -0.309017    0.809017  ]
  [ 0.309017    0.809017    0.5       ]]

 [[-0.9073983  -0.42024479  0.00476033]
  [ 0.32718271 -0.69925757  0.63560235]
  [-0.26377987  0.57830199  0.77200194]]

 [[-0.16504608 -0.98208431 -0.09094071]
  [ 0.94063168 -0.1844641   0.2849299 ]
  [-0.29660048 -0.03851514  0.95422468]]

 [[ 0.58504795 -0.68345319 -0.43658979]
  [ 0.79266559  0.59570949  0.12965909]
  [ 0.17146475 -0.42192649  0.89026844]]

 [[ 0.61614806  0.26795878 -0.74064814]
  [-0.03725005  0.94921137  0.31242634]
  [ 0.78674901 -0.16491171  0.59483622]]

 [[-0.1045969   0.76939047 -0.63015697]
  [-0.61371539  0.44866007  0.64965959]
  [ 0.78256816  0.4546894   0.42525832]]

 [[ 0.83019882 -0.54689077 -0.10807592]
  [ 0.55727968  0.81920442  0.13543816]
  [ 0.01446639 -0.17266912  0.98487365]]

 [[ 0.5         0.309017   -0.809017  ]
  [ 0.309017    0.809017    0.5       ]
  [ 0.809017   -0.5         0.309017  ]]

 [[-0.32718271  0.69925757 -0.63560235]
  [-0.26377987  0.57830199  0.77200194]
  [ 0.9073983   0.42024479 -0.00476033]]

 [[-0.94063168  0.1844641  -0.2849299 ]
  [-0.29660048 -0.03851514  0.95422468]
  [ 0.16504608  0.98208431  0.09094071]]

 [[-0.79266559 -0.59570949 -0.12965909]
  [ 0.17146475 -0.42192649  0.89026844]
  [-0.58504795  0.68345319  0.43658979]]

 [[ 0.03725005 -0.94921137 -0.31242634]
  [ 0.78674901 -0.16491171  0.59483622]
  [-0.61614806 -0.26795878  0.74064814]]

 [[ 0.61371539 -0.44866007 -0.64965959]
  [ 0.78256816  0.4546894   0.42525832]
  [ 0.1045969  -0.76939047  0.63015697]]

 [[-0.55727968 -0.81920442 -0.13543816]
  [ 0.01446639 -0.17266912  0.98487365]
  [-0.83019882  0.54689077  0.10807592]]

 [[-0.5         0.309017   -0.809017  ]
  [-0.309017    0.809017    0.5       ]
  [ 0.809017    0.5        -0.309017  ]]

 [[-0.81617953 -0.16906153 -0.55251171]
  [-0.56599654  0.04165126  0.82335479]
  [-0.11618481  0.98472503 -0.12968316]]

 [[-0.51218634 -0.69038901 -0.51090917]
  [-0.0318067  -0.57920411  0.81456181]
  [-0.85828521  0.43345776  0.27470143]]

 [[ 0.02399542 -0.72039754 -0.69314618]
  [ 0.67618902 -0.49898794  0.54201426]
  [-0.73633732 -0.48170369  0.47515147]]

 [[ 0.27398046 -0.20686196 -0.9392246 ]
  [ 0.93305646  0.29388547  0.20745358]
  [ 0.2331102  -0.9331878   0.27353276]]

 [[-0.01958983  0.25761318 -0.96604953]
  [ 0.39116401  0.89119028  0.22971857]
  [ 0.92011248 -0.37338366 -0.11822728]]

 [[ 0.38853475 -0.79868845 -0.45949703]
  [ 0.59901186 -0.15998955  0.78459425]
  [-0.70016109 -0.58008631  0.41626235]]

 [[ 0.          0.         -1.        ]
  [ 1.          0.          0.        ]
  [ 0.         -1.          0.        ]]

 [[-0.41320792  0.14669748 -0.89874305]
  [ 0.48899682  0.86831909 -0.08309064]
  [ 0.76820656 -0.47381621 -0.43053093]]

 [[-0.66368881 -0.13498858 -0.7357277 ]
  [-0.42844534  0.87485311  0.22597927]
  [ 0.61314904  0.46519902 -0.63846545]]

 [[-0.54622255 -0.4821745  -0.68494429]
  [-0.81666101  0.12468804  0.56348708]
  [-0.18629474  0.86715664 -0.46188054]]

 [[-0.17283836 -0.60266846 -0.77904918]
  [-0.23673041 -0.74234941  0.62679826]
  [-0.95607825  0.29275942 -0.0143635 ]]

 [[ 0.07289988 -0.35256359 -0.93294401]
  [ 0.63330522 -0.70627325  0.31638994]
  [-0.77046097 -0.6139031   0.17179313]]

 [[-0.20153638 -0.74541427 -0.63540589]
  [-0.94581443 -0.02051597  0.32405887]
  [-0.25459407  0.66628572 -0.70088887]]

 [[-0.5        -0.309017   -0.809017  ]
  [-0.309017   -0.809017    0.5       ]
  [-0.809017    0.5         0.309017  ]]

 [[-0.34140176 -0.46189605 -0.81859446]
  [ 0.6769878  -0.72499947  0.1267411 ]
  [-0.65202175 -0.51090882  0.56021409]]

 [[-0.13323939 -0.4028802  -0.90550252]
  [ 0.9602893   0.17350372 -0.21849699]
  [ 0.24513617 -0.89865678  0.36376402]]

 [[-0.09114106 -0.18446525 -0.97860405]
  [ 0.3747578   0.90410099 -0.20532415]
  [ 0.92263206 -0.38545295 -0.01327093]]

 [[-0.3169084  -0.02592669 -0.94810173]
  [-0.61391065  0.76758017  0.18421296]
  [ 0.72296804  0.64042838 -0.25916926]]

 [[-0.49576091 -0.12179981 -0.85987554]
  [-0.85546804 -0.10212581  0.50768569]
  [-0.1496515   0.98728676 -0.05356585]]

 [[ 0.23118696 -0.38690122 -0.89267018]
  [ 0.18707     0.91808339 -0.34946776]
  [ 0.95475516 -0.08619941  0.28462652]]

 [[ 0.         -1.          0.        ]
  [ 0.          0.          1.        ]
  [-1.          0.          0.        ]]

 [[ 0.76820656 -0.47381621 -0.43053093]
  [ 0.41320792 -0.14669748  0.89874305]
  [-0.48899682 -0.86831909  0.08309064]]

 [[ 0.61314904  0.46519902 -0.63846545]
  [ 0.66368881  0.13498858  0.7357277 ]
  [ 0.42844534 -0.87485311 -0.22597927]]

 [[-0.18629474  0.86715664 -0.46188054]
  [ 0.54622255  0.4821745   0.68494429]
  [ 0.81666101 -0.12468804 -0.56348708]]

 [[-0.95607825  0.29275942 -0.0143635 ]
  [ 0.17283836  0.60266846  0.77904918]
  [ 0.23673041  0.74234941 -0.62679826]]

 [[-0.77046097 -0.6139031   0.17179313]
  [-0.07289988  0.35256359  0.93294401]
  [-0.63330522  0.70627325 -0.31638994]]

 [[-0.25459407  0.66628572 -0.70088887]
  [ 0.20153638  0.74541427  0.63540589]
  [ 0.94581443  0.02051597 -0.32405887]]

 [[-0.809017    0.5         0.309017  ]
  [ 0.5         0.309017    0.809017  ]
  [ 0.309017    0.809017   -0.5       ]]

 [[-0.65202175 -0.51090882  0.56021409]
  [ 0.34140176  0.46189605  0.81859446]
  [-0.6769878   0.72499947 -0.1267411 ]]

 [[ 0.24513617 -0.89865678  0.36376402]
  [ 0.13323939  0.4028802   0.90550252]
  [-0.9602893  -0.17350372  0.21849699]]

 [[ 0.92263206 -0.38545295 -0.01327093]
  [ 0.09114106  0.18446525  0.97860405]
  [-0.3747578  -0.90410099  0.20532415]]

 [[ 0.72296804  0.64042838 -0.25916926]
  [ 0.3169084   0.02592669  0.94810173]
  [ 0.61391065 -0.76758017 -0.18421296]]

 [[-0.1496515   0.98728676 -0.05356585]
  [ 0.49576091  0.12179981  0.85987554]
  [ 0.85546804  0.10212581 -0.50768569]]

 [[ 0.95475516 -0.08619941  0.28462652]
  [-0.23118696  0.38690122  0.89267018]
  [-0.18707    -0.91808339  0.34946776]]

 [[ 0.809017    0.5        -0.309017  ]
  [ 0.5        -0.309017    0.809017  ]
  [ 0.309017   -0.809017   -0.5       ]]

 [[-0.11618481  0.98472503 -0.12968316]
  [ 0.81617953  0.16906153  0.55251171]
  [ 0.56599654 -0.04165126 -0.82335479]]

 [[-0.85828521  0.43345776  0.27470143]
  [ 0.51218634  0.69038901  0.51090917]
  [ 0.0318067   0.57920411 -0.81456181]]

 [[-0.73633732 -0.48170369  0.47515147]
  [-0.02399542  0.72039754  0.69314618]
  [-0.67618902  0.49898794 -0.54201426]]

 [[ 0.2331102  -0.9331878   0.27353276]
  [-0.27398046  0.20686196  0.9392246 ]
  [-0.93305646 -0.29388547 -0.20745358]]

 [[ 0.92011248 -0.37338366 -0.11822728]
  [ 0.01958983 -0.25761318  0.96604953]
  [-0.39116401 -0.89119028 -0.22971857]]

 [[-0.70016109 -0.58008631  0.41626235]
  [-0.38853475  0.79868845  0.45949703]
  [-0.59901186  0.15998955 -0.78459425]]

 [[-0.309017    0.809017   -0.5       ]
  [ 0.809017    0.5         0.309017  ]
  [ 0.5        -0.309017   -0.809017  ]]

 [[-0.97920446  0.18834875 -0.07538826]
  [ 0.13919174  0.894061    0.4257706 ]
  [ 0.14759507  0.40642304 -0.9016851 ]]

 [[-0.69549551 -0.71419268  0.07883412]
  [-0.44810296  0.51688529  0.72940616]
  [-0.56168473  0.4719729  -0.67952326]]

 [[ 0.12996647 -0.98116244 -0.14293003]
  [-0.39875321 -0.18370345  0.89847033]
  [-0.90780207 -0.0597772  -0.41511697]]

 [[ 0.76021809 -0.30878299 -0.5715956 ]
  [ 0.33993019 -0.5607182   0.75501164]
  [-0.55363881 -0.7682761  -0.32130346]]

 [[ 0.46406388  0.53862669 -0.70322544]
  [ 0.87505787 -0.15548737  0.45836384]
  [ 0.13754431 -0.82807305 -0.54348559]]

 [[ 0.39747548 -0.90540383  0.14918836]
  [-0.57560475 -0.11939494  0.80896479]
  [-0.71462747 -0.40741719 -0.56861131]]

 [[ 0.5        -0.309017   -0.809017  ]
  [ 0.309017   -0.809017    0.5       ]
  [-0.809017   -0.5        -0.309017  ]]

 [[ 0.14759507  0.40642304 -0.9016851 ]
  [ 0.97920446 -0.18834875  0.07538826]
  [-0.13919174 -0.894061   -0.4257706 ]]

 [[-0.56168473  0.4719729  -0.67952326]
  [ 0.69549551  0.71419268 -0.07883412]
  [ 0.44810296 -0.51688529 -0.72940616]]

 [[-0.90780207 -0.0597772  -0.41511697]
  [-0.12996647  0.98116244  0.14293003]
  [ 0.39875321  0.18370345 -0.89847033]]

 [[-0.55363881 -0.7682761  -0.32130346]
  [-0.76021809  0.30878299  0.5715956 ]
  [-0.33993019  0.5607182  -0.75501164]]

 [[ 0.13754431 -0.82807305 -0.54348559]
  [-0.46406388 -0.53862669  0.70322544]
  [-0.87505787  0.15548737 -0.45836384]]

 [[-0.71462747 -0.40741719 -0.56861131]
  [-0.39747548  0.90540383 -0.14918836]
  [ 0.57560475  0.11939494 -0.80896479]]

 [[-0.809017   -0.5        -0.309017  ]
  [-0.5         0.309017    0.809017  ]
  [-0.309017    0.809017   -0.5       ]]

 [[-0.13919174 -0.894061   -0.4257706 ]
  [-0.14759507 -0.40642304  0.9016851 ]
  [-0.97920446  0.18834875 -0.07538826]]

 [[ 0.44810296 -0.51688529 -0.72940616]
  [ 0.56168473 -0.4719729   0.67952326]
  [-0.69549551 -0.71419268  0.07883412]]

 [[ 0.39875321  0.18370345 -0.89847033]
  [ 0.90780207  0.0597772   0.41511697]
  [ 0.12996647 -0.98116244 -0.14293003]]

 [[-0.33993019  0.5607182  -0.75501164]
  [ 0.55363881  0.7682761   0.32130346]
  [ 0.76021809 -0.30878299 -0.5715956 ]]

 [[-0.87505787  0.15548737 -0.45836384]
  [-0.13754431  0.82807305  0.54348559]
  [ 0.46406388  0.53862669 -0.70322544]]

 [[ 0.57560475  0.11939494 -0.80896479]
  [ 0.71462747  0.40741719  0.56861131]
  [ 0.39747548 -0.90540383  0.14918836]]

 [[-0.309017   -0.809017    0.5       ]
  [-0.809017    0.5         0.309017  ]
  [-0.5        -0.309017   -0.809017  ]]

 [[ 0.6769878  -0.72499947  0.1267411 ]
  [-0.65202175 -0.51090882  0.56021409]
  [-0.34140176 -0.46189605 -0.81859446]]

 [[ 0.9602893   0.17350372 -0.21849699]
  [ 0.24513617 -0.89865678  0.36376402]
  [-0.13323939 -0.4028802  -0.90550252]]

 [[ 0.3747578   0.90410099 -0.20532415]
  [ 0.92263206 -0.38545295 -0.01327093]
  [-0.09114106 -0.18446525 -0.97860405]]

 [[-0.61391065  0.76758017  0.18421296]
  [ 0.72296804  0.64042838 -0.25916926]
  [-0.3169084  -0.02592669 -0.94810173]]

 [[-0.85546804 -0.10212581  0.50768569]
  [-0.1496515   0.98728676 -0.05356585]
  [-0.49576091 -0.12179981 -0.85987554]]

 [[ 0.18707     0.91808339 -0.34946776]
  [ 0.95475516 -0.08619941  0.28462652]
  [ 0.23118696 -0.38690122 -0.89267018]]

 [[-0.309017    0.809017    0.5       ]
  [ 0.809017    0.5        -0.309017  ]
  [-0.5         0.309017   -0.809017  ]]

 [[-0.56599654  0.04165126  0.82335479]
  [-0.11618481  0.98472503 -0.12968316]
  [-0.81617953 -0.16906153 -0.55251171]]

 [[-0.0318067  -0.57920411  0.81456181]
  [-0.85828521  0.43345776  0.27470143]
  [-0.51218634 -0.69038901 -0.51090917]]

 [[ 0.67618902 -0.49898794  0.54201426]
  [-0.73633732 -0.48170369  0.47515147]
  [ 0.02399542 -0.72039754 -0.69314618]]

 [[ 0.93305646  0.29388547  0.20745358]
  [ 0.2331102  -0.9331878   0.27353276]
  [ 0.27398046 -0.20686196 -0.9392246 ]]

 [[ 0.39116401  0.89119028  0.22971857]
  [ 0.92011248 -0.37338366 -0.11822728]
  [-0.01958983  0.25761318 -0.96604953]]

 [[ 0.59901186 -0.15998955  0.78459425]
  [-0.70016109 -0.58008631  0.41626235]
  [ 0.38853475 -0.79868845 -0.45949703]]

 [[ 1.          0.          0.        ]
  [ 0.         -1.          0.        ]
  [ 0.          0.         -1.        ]]

 [[ 0.48899682  0.86831909 -0.08309064]
  [ 0.76820656 -0.47381621 -0.43053093]
  [-0.41320792  0.14669748 -0.89874305]]

 [[-0.42844534  0.87485311  0.22597927]
  [ 0.61314904  0.46519902 -0.63846545]
  [-0.66368881 -0.13498858 -0.7357277 ]]

 [[-0.81666101  0.12468804  0.56348708]
  [-0.18629474  0.86715664 -0.46188054]
  [-0.54622255 -0.4821745  -0.68494429]]

 [[-0.23673041 -0.74234941  0.62679826]
  [-0.95607825  0.29275942 -0.0143635 ]
  [-0.17283836 -0.60266846 -0.77904918]]

 [[ 0.63330522 -0.70627325  0.31638994]
  [-0.77046097 -0.6139031   0.17179313]
  [ 0.07289988 -0.35256359 -0.93294401]]

 [[-0.94581443 -0.02051597  0.32405887]
  [-0.25459407  0.66628572 -0.70088887]
  [-0.20153638 -0.74541427 -0.63540589]]

 [[ 0.309017    0.809017   -0.5       ]
  [ 0.809017   -0.5        -0.309017  ]
  [-0.5        -0.309017   -0.809017  ]]

 [[-0.6769878   0.72499947 -0.1267411 ]
  [ 0.65202175  0.51090882 -0.56021409]
  [-0.34140176 -0.46189605 -0.81859446]]

 [[-0.9602893  -0.17350372  0.21849699]
  [-0.24513617  0.89865678 -0.36376402]
  [-0.13323939 -0.4028802  -0.90550252]]

 [[-0.3747578  -0.90410099  0.20532415]
  [-0.92263206  0.38545295  0.01327093]
  [-0.09114106 -0.18446525 -0.97860405]]

 [[ 0.61391065 -0.76758017 -0.18421296]
  [-0.72296804 -0.64042838  0.25916926]
  [-0.3169084  -0.02592669 -0.94810173]]

 [[ 0.85546804  0.10212581 -0.50768569]
  [ 0.1496515  -0.98728676  0.05356585]
  [-0.49576091 -0.12179981 -0.85987554]]

 [[-0.18707    -0.91808339  0.34946776]
  [-0.95475516  0.08619941 -0.28462652]
  [ 0.23118696 -0.38690122 -0.89267018]]

 [[ 0.309017   -0.809017   -0.5       ]
  [-0.809017   -0.5         0.309017  ]
  [-0.5         0.309017   -0.809017  ]]

 [[ 0.56599654 -0.04165126 -0.82335479]
  [ 0.11618481 -0.98472503  0.12968316]
  [-0.81617953 -0.16906153 -0.55251171]]

 [[ 0.0318067   0.57920411 -0.81456181]
  [ 0.85828521 -0.43345776 -0.27470143]
  [-0.51218634 -0.69038901 -0.51090917]]

 [[-0.67618902  0.49898794 -0.54201426]
  [ 0.73633732  0.48170369 -0.47515147]
  [ 0.02399542 -0.72039754 -0.69314618]]

 [[-0.93305646 -0.29388547 -0.20745358]
  [-0.2331102   0.9331878  -0.27353276]
  [ 0.27398046 -0.20686196 -0.9392246 ]]

 [[-0.39116401 -0.89119028 -0.22971857]
  [-0.92011248  0.37338366  0.11822728]
  [-0.01958983  0.25761318 -0.96604953]]

 [[-0.59901186  0.15998955 -0.78459425]
  [ 0.70016109  0.58008631 -0.41626235]
  [ 0.38853475 -0.79868845 -0.45949703]]

 [[-1.          0.          0.        ]
  [ 0.          1.          0.        ]
  [ 0.          0.         -1.        ]]

 [[-0.48899682 -0.86831909  0.08309064]
  [-0.76820656  0.47381621  0.43053093]
  [-0.41320792  0.14669748 -0.89874305]]

 [[ 0.42844534 -0.87485311 -0.22597927]
  [-0.61314904 -0.46519902  0.63846545]
  [-0.66368881 -0.13498858 -0.7357277 ]]

 [[ 0.81666101 -0.12468804 -0.56348708]
  [ 0.18629474 -0.86715664  0.46188054]
  [-0.54622255 -0.4821745  -0.68494429]]

 [[ 0.23673041  0.74234941 -0.62679826]
  [ 0.95607825 -0.29275942  0.0143635 ]
  [-0.17283836 -0.60266846 -0.77904918]]

 [[-0.63330522  0.70627325 -0.31638994]
  [ 0.77046097  0.6139031  -0.17179313]
  [ 0.07289988 -0.35256359 -0.93294401]]

 [[ 0.94581443  0.02051597 -0.32405887]
  [ 0.25459407 -0.66628572  0.70088887]
  [-0.20153638 -0.74541427 -0.63540589]]

 [[ 0.809017    0.5        -0.309017  ]
  [-0.5         0.309017   -0.809017  ]
  [-0.309017    0.809017    0.5       ]]

 [[-0.11618481  0.98472503 -0.12968316]
  [-0.81617953 -0.16906153 -0.55251171]
  [-0.56599654  0.04165126  0.82335479]]

 [[-0.85828521  0.43345776  0.27470143]
  [-0.51218634 -0.69038901 -0.51090917]
  [-0.0318067  -0.57920411  0.81456181]]

 [[-0.73633732 -0.48170369  0.47515147]
  [ 0.02399542 -0.72039754 -0.69314618]
  [ 0.67618902 -0.49898794  0.54201426]]

 [[ 0.2331102  -0.9331878   0.27353276]
  [ 0.27398046 -0.20686196 -0.9392246 ]
  [ 0.93305646  0.29388547  0.20745358]]

 [[ 0.92011248 -0.37338366 -0.11822728]
  [-0.01958983  0.25761318 -0.96604953]
  [ 0.39116401  0.89119028  0.22971857]]

 [[-0.70016109 -0.58008631  0.41626235]
  [ 0.38853475 -0.79868845 -0.45949703]
  [ 0.59901186 -0.15998955  0.78459425]]

 [[ 0.         -1.          0.        ]
  [ 0.          0.         -1.        ]
  [ 1.          0.          0.        ]]

 [[ 0.76820656 -0.47381621 -0.43053093]
  [-0.41320792  0.14669748 -0.89874305]
  [ 0.48899682  0.86831909 -0.08309064]]

 [[ 0.61314904  0.46519902 -0.63846545]
  [-0.66368881 -0.13498858 -0.7357277 ]
  [-0.42844534  0.87485311  0.22597927]]

 [[-0.18629474  0.86715664 -0.46188054]
  [-0.54622255 -0.4821745  -0.68494429]
  [-0.81666101  0.12468804  0.56348708]]

 [[-0.95607825  0.29275942 -0.0143635 ]
  [-0.17283836 -0.60266846 -0.77904918]
  [-0.23673041 -0.74234941  0.62679826]]

 [[-0.77046097 -0.6139031   0.17179313]
  [ 0.07289988 -0.35256359 -0.93294401]
  [ 0.63330522 -0.70627325  0.31638994]]

 [[-0.25459407  0.66628572 -0.70088887]
  [-0.20153638 -0.74541427 -0.63540589]
  [-0.94581443 -0.02051597  0.32405887]]

 [[-0.809017    0.5         0.309017  ]
  [-0.5        -0.309017   -0.809017  ]
  [-0.309017   -0.809017    0.5       ]]

 [[-0.65202175 -0.51090882  0.56021409]
  [-0.34140176 -0.46189605 -0.81859446]
  [ 0.6769878  -0.72499947  0.1267411 ]]

 [[ 0.24513617 -0.89865678  0.36376402]
  [-0.13323939 -0.4028802  -0.90550252]
  [ 0.9602893   0.17350372 -0.21849699]]

 [[ 0.92263206 -0.38545295 -0.01327093]
  [-0.09114106 -0.18446525 -0.97860405]
  [ 0.3747578   0.90410099 -0.20532415]]

 [[ 0.72296804  0.64042838 -0.25916926]
  [-0.3169084  -0.02592669 -0.94810173]
  [-0.61391065  0.76758017  0.18421296]]

 [[-0.1496515   0.98728676 -0.05356585]
  [-0.49576091 -0.12179981 -0.85987554]
  [-0.85546804 -0.10212581  0.50768569]]

 [[ 0.95475516 -0.08619941  0.28462652]
  [ 0.23118696 -0.38690122 -0.89267018]
  [ 0.18707     0.91808339 -0.34946776]]

 [[-0.5        -0.309017    0.809017  ]
  [-0.309017   -0.809017   -0.5       ]
  [ 0.809017   -0.5         0.309017  ]]

 [[ 0.32718271 -0.69925757  0.63560235]
  [ 0.26377987 -0.57830199 -0.77200194]
  [ 0.9073983   0.42024479 -0.00476033]]

 [[ 0.94063168 -0.1844641   0.2849299 ]
  [ 0.29660048  0.03851514 -0.95422468]
  [ 0.16504608  0.98208431  0.09094071]]

 [[ 0.79266559  0.59570949  0.12965909]
  [-0.17146475  0.42192649 -0.89026844]
  [-0.58504795  0.68345319  0.43658979]]

 [[-0.03725005  0.94921137  0.31242634]
  [-0.78674901  0.16491171 -0.59483622]
  [-0.61614806 -0.26795878  0.74064814]]

 [[-0.61371539  0.44866007  0.64965959]
  [-0.78256816 -0.4546894  -0.42525832]
  [ 0.1045969  -0.76939047  0.63015697]]

 [[ 0.55727968  0.81920442  0.13543816]
  [-0.01446639  0.17266912 -0.98487365]
  [-0.83019882  0.54689077  0.10807592]]

 [[ 0.309017    0.809017    0.5       ]
  [-0.809017    0.5        -0.309017  ]
  [-0.5        -0.309017    0.809017  ]]

 [[-0.26377987  0.57830199  0.77200194]
  [-0.9073983  -0.42024479  0.00476033]
  [ 0.32718271 -0.69925757  0.63560235]]

 [[-0.29660048 -0.03851514  0.95422468]
  [-0.16504608 -0.98208431 -0.09094071]
  [ 0.94063168 -0.1844641   0.2849299 ]]

 [[ 0.17146475 -0.42192649  0.89026844]
  [ 0.58504795 -0.68345319 -0.43658979]
  [ 0.79266559  0.59570949  0.12965909]]

 [[ 0.78674901 -0.16491171  0.59483622]
  [ 0.61614806  0.26795878 -0.74064814]
  [-0.03725005  0.94921137  0.31242634]]

 [[ 0.78256816  0.4546894   0.42525832]
  [-0.1045969   0.76939047 -0.63015697]
  [-0.61371539  0.44866007  0.64965959]]

 [[ 0.01446639 -0.17266912  0.98487365]
  [ 0.83019882 -0.54689077 -0.10807592]
  [ 0.55727968  0.81920442  0.13543816]]

 [[ 0.809017   -0.5         0.309017  ]
  [ 0.5         0.309017   -0.809017  ]
  [ 0.309017    0.809017    0.5       ]]

 [[ 0.9073983   0.42024479 -0.00476033]
  [-0.32718271  0.69925757 -0.63560235]
  [-0.26377987  0.57830199  0.77200194]]

 [[ 0.16504608  0.98208431  0.09094071]
  [-0.94063168  0.1844641  -0.2849299 ]
  [-0.29660048 -0.03851514  0.95422468]]

 [[-0.58504795  0.68345319  0.43658979]
  [-0.79266559 -0.59570949 -0.12965909]
  [ 0.17146475 -0.42192649  0.89026844]]

 [[-0.61614806 -0.26795878  0.74064814]
  [ 0.03725005 -0.94921137 -0.31242634]
  [ 0.78674901 -0.16491171  0.59483622]]

 [[ 0.1045969  -0.76939047  0.63015697]
  [ 0.61371539 -0.44866007 -0.64965959]
  [ 0.78256816  0.4546894   0.42525832]]

 [[-0.83019882  0.54689077  0.10807592]
  [-0.55727968 -0.81920442 -0.13543816]
  [ 0.01446639 -0.17266912  0.98487365]]

 [[ 0.809017    0.5         0.309017  ]
  [ 0.5        -0.309017   -0.809017  ]
  [-0.309017    0.809017   -0.5       ]]

 [[ 0.13919174  0.894061    0.4257706 ]
  [ 0.14759507  0.40642304 -0.9016851 ]
  [-0.97920446  0.18834875 -0.07538826]]

 [[-0.44810296  0.51688529  0.72940616]
  [-0.56168473  0.4719729  -0.67952326]
  [-0.69549551 -0.71419268  0.07883412]]

 [[-0.39875321 -0.18370345  0.89847033]
  [-0.90780207 -0.0597772  -0.41511697]
  [ 0.12996647 -0.98116244 -0.14293003]]

 [[ 0.33993019 -0.5607182   0.75501164]
  [-0.55363881 -0.7682761  -0.32130346]
  [ 0.76021809 -0.30878299 -0.5715956 ]]

 [[ 0.87505787 -0.15548737  0.45836384]
  [ 0.13754431 -0.82807305 -0.54348559]
  [ 0.46406388  0.53862669 -0.70322544]]

 [[-0.57560475 -0.11939494  0.80896479]
  [-0.71462747 -0.40741719 -0.56861131]
  [ 0.39747548 -0.90540383  0.14918836]]

 [[ 0.309017   -0.809017    0.5       ]
  [-0.809017   -0.5        -0.309017  ]
  [ 0.5        -0.309017   -0.809017  ]]

 [[ 0.97920446 -0.18834875  0.07538826]
  [-0.13919174 -0.894061   -0.4257706 ]
  [ 0.14759507  0.40642304 -0.9016851 ]]

 [[ 0.69549551  0.71419268 -0.07883412]
  [ 0.44810296 -0.51688529 -0.72940616]
  [-0.56168473  0.4719729  -0.67952326]]

 [[-0.12996647  0.98116244  0.14293003]
  [ 0.39875321  0.18370345 -0.89847033]
  [-0.90780207 -0.0597772  -0.41511697]]

 [[-0.76021809  0.30878299  0.5715956 ]
  [-0.33993019  0.5607182  -0.75501164]
  [-0.55363881 -0.7682761  -0.32130346]]

 [[-0.46406388 -0.53862669  0.70322544]
  [-0.87505787  0.15548737 -0.45836384]
  [ 0.13754431 -0.82807305 -0.54348559]]

 [[-0.39747548  0.90540383 -0.14918836]
  [ 0.57560475  0.11939494 -0.80896479]
  [-0.71462747 -0.40741719 -0.56861131]]

 [[-0.5         0.309017    0.809017  ]
  [-0.309017    0.809017   -0.5       ]
  [-0.809017   -0.5        -0.309017  ]]

 [[-0.14759507 -0.40642304  0.9016851 ]
  [-0.97920446  0.18834875 -0.07538826]
  [-0.13919174 -0.894061   -0.4257706 ]]

 [[ 0.56168473 -0.4719729   0.67952326]
  [-0.69549551 -0.71419268  0.07883412]
  [ 0.44810296 -0.51688529 -0.72940616]]

 [[ 0.90780207  0.0597772   0.41511697]
  [ 0.12996647 -0.98116244 -0.14293003]
  [ 0.39875321  0.18370345 -0.89847033]]

 [[ 0.55363881  0.7682761   0.32130346]
  [ 0.76021809 -0.30878299 -0.5715956 ]
  [-0.33993019  0.5607182  -0.75501164]]

 [[-0.13754431  0.82807305  0.54348559]
  [ 0.46406388  0.53862669 -0.70322544]
  [-0.87505787  0.15548737 -0.45836384]]

 [[ 0.71462747  0.40741719  0.56861131]
  [ 0.39747548 -0.90540383  0.14918836]
  [ 0.57560475  0.11939494 -0.80896479]]

 [[ 0.          0.          1.        ]
  [-1.          0.          0.        ]
  [ 0.         -1.          0.        ]]

 [[ 0.41320792 -0.14669748  0.89874305]
  [-0.48899682 -0.86831909  0.08309064]
  [ 0.76820656 -0.47381621 -0.43053093]]

 [[ 0.66368881  0.13498858  0.7357277 ]
  [ 0.42844534 -0.87485311 -0.22597927]
  [ 0.61314904  0.46519902 -0.63846545]]

 [[ 0.54622255  0.4821745   0.68494429]
  [ 0.81666101 -0.12468804 -0.56348708]
  [-0.18629474  0.86715664 -0.46188054]]

 [[ 0.17283836  0.60266846  0.77904918]
  [ 0.23673041  0.74234941 -0.62679826]
  [-0.95607825  0.29275942 -0.0143635 ]]

 [[-0.07289988  0.35256359  0.93294401]
  [-0.63330522  0.70627325 -0.31638994]
  [-0.77046097 -0.6139031   0.17179313]]

 [[ 0.20153638  0.74541427  0.63540589]
  [ 0.94581443  0.02051597 -0.32405887]
  [-0.25459407  0.66628572 -0.70088887]]

 [[ 0.5         0.309017    0.809017  ]
  [ 0.309017    0.809017   -0.5       ]
  [-0.809017    0.5         0.309017  ]]

 [[ 0.34140176  0.46189605  0.81859446]
  [-0.6769878   0.72499947 -0.1267411 ]
  [-0.65202175 -0.51090882  0.56021409]]

 [[ 0.13323939  0.4028802   0.90550252]
  [-0.9602893  -0.17350372  0.21849699]
  [ 0.24513617 -0.89865678  0.36376402]]

 [[ 0.09114106  0.18446525  0.97860405]
  [-0.3747578  -0.90410099  0.20532415]
  [ 0.92263206 -0.38545295 -0.01327093]]

 [[ 0.3169084   0.02592669  0.94810173]
  [ 0.61391065 -0.76758017 -0.18421296]
  [ 0.72296804  0.64042838 -0.25916926]]

 [[ 0.49576091  0.12179981  0.85987554]
  [ 0.85546804  0.10212581 -0.50768569]
  [-0.1496515   0.98728676 -0.05356585]]

 [[-0.23118696  0.38690122  0.89267018]
  [-0.18707    -0.91808339  0.34946776]
  [ 0.95475516 -0.08619941  0.28462652]]

 [[ 0.5        -0.309017    0.809017  ]
  [ 0.309017   -0.809017   -0.5       ]
  [ 0.809017    0.5        -0.309017  ]]

 [[ 0.81617953  0.16906153  0.55251171]
  [ 0.56599654 -0.04165126 -0.82335479]
  [-0.11618481  0.98472503 -0.12968316]]

 [[ 0.51218634  0.69038901  0.51090917]
  [ 0.0318067   0.57920411 -0.81456181]
  [-0.85828521  0.43345776  0.27470143]]

 [[-0.02399542  0.72039754  0.69314618]
  [-0.67618902  0.49898794 -0.54201426]
  [-0.73633732 -0.48170369  0.47515147]]

 [[-0.27398046  0.20686196  0.9392246 ]
  [-0.93305646 -0.29388547 -0.20745358]
  [ 0.2331102  -0.9331878   0.27353276]]

 [[ 0.01958983 -0.25761318  0.96604953]
  [-0.39116401 -0.89119028 -0.22971857]
  [ 0.92011248 -0.37338366 -0.11822728]]

 [[-0.38853475  0.79868845  0.45949703]
  [-0.59901186  0.15998955 -0.78459425]
  [-0.70016109 -0.58008631  0.41626235]]

 [[ 0.309017    0.809017    0.5       ]
  [ 0.809017   -0.5         0.309017  ]
  [ 0.5         0.309017   -0.809017  ]]

 [[-0.26377987  0.57830199  0.77200194]
  [ 0.9073983   0.42024479 -0.00476033]
  [-0.32718271  0.69925757 -0.63560235]]

 [[-0.29660048 -0.03851514  0.95422468]
  [ 0.16504608  0.98208431  0.09094071]
  [-0.94063168  0.1844641  -0.2849299 ]]

 [[ 0.17146475 -0.42192649  0.89026844]
  [-0.58504795  0.68345319  0.43658979]
  [-0.79266559 -0.59570949 -0.12965909]]

 [[ 0.78674901 -0.16491171  0.59483622]
  [-0.61614806 -0.26795878  0.74064814]
  [ 0.03725005 -0.94921137 -0.31242634]]

 [[ 0.78256816  0.4546894   0.42525832]
  [ 0.1045969  -0.76939047  0.63015697]
  [ 0.61371539 -0.44866007 -0.64965959]]

 [[ 0.01446639 -0.17266912  0.98487365]
  [-0.83019882  0.54689077  0.10807592]
  [-0.55727968 -0.81920442 -0.13543816]]

 [[ 0.809017   -0.5         0.309017  ]
  [-0.5        -0.309017    0.809017  ]
  [-0.309017   -0.809017   -0.5       ]]

 [[ 0.9073983   0.42024479 -0.00476033]
  [ 0.32718271 -0.69925757  0.63560235]
  [ 0.26377987 -0.57830199 -0.77200194]]

 [[ 0.16504608  0.98208431  0.09094071]
  [ 0.94063168 -0.1844641   0.2849299 ]
  [ 0.29660048  0.03851514 -0.95422468]]

 [[-0.58504795  0.68345319  0.43658979]
  [ 0.79266559  0.59570949  0.12965909]
  [-0.17146475  0.42192649 -0.89026844]]

 [[-0.61614806 -0.26795878  0.74064814]
  [-0.03725005  0.94921137  0.31242634]
  [-0.78674901  0.16491171 -0.59483622]]

 [[ 0.1045969  -0.76939047  0.63015697]
  [-0.61371539  0.44866007  0.64965959]
  [-0.78256816 -0.4546894  -0.42525832]]

 [[-0.83019882  0.54689077  0.10807592]
  [ 0.55727968  0.81920442  0.13543816]
  [-0.01446639  0.17266912 -0.98487365]]

 [[-0.5        -0.309017    0.809017  ]
  [ 0.309017    0.809017    0.5       ]
  [-0.809017    0.5        -0.309017  ]]

 [[ 0.32718271 -0.69925757  0.63560235]
  [-0.26377987  0.57830199  0.77200194]
  [-0.9073983  -0.42024479  0.00476033]]

 [[ 0.94063168 -0.1844641   0.2849299 ]
