[[[ 1.          0.          0.        ]
  [ 0.          1.          0.        ]
  [ 0.          0.          1.        ]]

 [[-0.96923373 -0.01301667  0.24579776]
  [-0.03847261 -0.97831579 -0.20351432]
  [ 0.24311691 -0.20670943  0.94771588]]

 [[ 0.809017    0.309017   -0.5       ]
  [ 0.309017    0.5         0.809017  ]
  [ 0.5        -0.809017    0.309017  ]]

 [[-0.91757371 -0.2094922  -0.33789276]
  [-0.12206029 -0.66041171  0.74091678]
  [-0.37836461  0.72108904  0.58040575]]

 [[ 0.          1.          0.        ]
  [ 0.          0.          1.        ]
  [ 1.          0.          0.        ]]

 [[-0.03847261 -0.97831579 -0.20351432]
  [ 0.24311691 -0.20670943  0.94771588]
  [-0.96923373 -0.01301667  0.24579776]]

 [[ 0.809017   -0.309017   -0.5       ]
  [ 0.309017   -0.5         0.809017  ]
  [-0.5        -0.809017   -0.309017  ]]

 [[-0.89379633  0.39514022 -0.21211398]
  [-0.08358768  0.31790408  0.9444311 ]
  [ 0.44061461  0.86185916 -0.25111265]]

 [[-0.809017   -0.309017   -0.5       ]
  [-0.309017   -0.5         0.809017  ]
  [-0.5         0.809017    0.309017  ]]

 [[ 0.6744568   0.41620163 -0.60982312]
  [ 0.51543172  0.32594882  0.79251973]
  [ 0.52861913 -0.8488425   0.00531489]]

 [[-0.5        -0.809017    0.309017  ]
  [ 0.809017   -0.309017    0.5       ]
  [-0.309017    0.5         0.809017  ]]

 [[ 0.59086912  0.73410571  0.33460798]
  [-0.65067942  0.18843079  0.73560189]
  [ 0.47695911 -0.65236696  0.58900541]]

 [[-0.309017    0.5         0.809017  ]
  [-0.5        -0.809017    0.309017  ]
  [ 0.809017   -0.309017    0.5       ]]

 [[ 0.47695911 -0.65236696  0.58900541]
  [ 0.59086912  0.73410571  0.33460798]
  [-0.65067942  0.18843079  0.73560189]]

 [[ 0.809017   -0.309017    0.5       ]
  [-0.309017    0.5         0.809017  ]
  [-0.5        -0.809017    0.309017  ]]

 [[-0.65067942  0.18843079  0.73560189]
  [ 0.47695911 -0.65236696  0.58900541]
  [ 0.59086912  0.73410571  0.33460798]]

 [[ 0.809017    0.309017    0.5       ]
  [-0.309017   -0.5         0.809017  ]
  [ 0.5        -0.809017   -0.309017  ]]

 [[-0.6744568  -0.41620163  0.60982312]
  [ 0.51543172  0.32594882  0.79251973]
  [-0.52861913  0.8488425  -0.00531489]]

 [[ 0.         -1.          0.        ]
  [ 0.          0.          1.        ]
  [-1.          0.          0.        ]]

 [[ 0.03847261  0.97831579  0.20351432]
  [ 0.24311691 -0.20670943  0.94771588]
  [ 0.96923373  0.01301667 -0.24579776]]

 [[-0.809017    0.309017    0.5       ]
  [ 0.309017   -0.5         0.809017  ]
  [ 0.5         0.809017    0.309017  ]]

 [[ 0.89379633 -0.39514022  0.21211398]
  [-0.08358768  0.31790408  0.9444311 ]
  [-0.44061461 -0.86185916  0.25111265]]

 [[ 0.309017    0.5        -0.809017  ]
  [ 0.5        -0.809017   -0.309017  ]
  [-0.809017   -0.309017   -0.5       ]]

 [[-0.51543172 -0.32594882 -0.79251973]
  [-0.52861913  0.8488425  -0.00531489]
  [ 0.6744568   0.41620163 -0.60982312]]

 [[ 0.          0.          1.        ]
  [ 1.          0.          0.        ]
  [ 0.          1.          0.        ]]

 [[ 0.24311691 -0.20670943  0.94771588]
  [-0.96923373 -0.01301667  0.24579776]
  [-0.03847261 -0.97831579 -0.20351432]]

 [[ 0.309017   -0.5         0.809017  ]
  [-0.5        -0.809017   -0.309017  ]
  [ 0.809017   -0.309017   -0.5       ]]

 [[-0.08358768  0.31790408  0.9444311 ]
  [ 0.44061461  0.86185916 -0.25111265]
  [-0.89379633  0.39514022 -0.21211398]]

 [[-0.309017   -0.5         0.809017  ]
  [-0.5         0.809017    0.309017  ]
  [-0.809017   -0.309017   -0.5       ]]

 [[ 0.51543172  0.32594882  0.79251973]
  [ 0.52861913 -0.8488425   0.00531489]
  [ 0.6744568   0.41620163 -0.60982312]]

 [[ 0.5        -0.809017    0.309017  ]
  [-0.809017   -0.309017    0.5       ]
  [-0.309017   -0.5        -0.809017  ]]

 [[-0.37836461  0.72108904  0.58040575]
  [ 0.91757371  0.2094922   0.33789276]
  [ 0.12206029  0.66041171 -0.74091678]]

 [[-0.809017   -0.309017    0.5       ]
  [ 0.309017    0.5         0.809017  ]
  [-0.5         0.809017   -0.309017  ]]

 [[ 0.91757371  0.2094922   0.33789276]
  [-0.12206029 -0.66041171  0.74091678]
  [ 0.37836461 -0.72108904 -0.58040575]]

 [[ 0.309017    0.5         0.809017  ]
  [ 0.5        -0.809017    0.309017  ]
  [ 0.809017    0.309017   -0.5       ]]

 [[-0.12206029 -0.66041171  0.74091678]
  [-0.37836461  0.72108904  0.58040575]
  [-0.91757371 -0.2094922  -0.33789276]]

 [[ 0.5         0.809017    0.309017  ]
  [ 0.809017   -0.309017   -0.5       ]
  [-0.309017    0.5        -0.809017  ]]

 [[-0.44061461 -0.86185916  0.25111265]
  [-0.89379633  0.39514022 -0.21211398]
  [ 0.08358768 -0.31790408 -0.9444311 ]]

 [[ 0.5        -0.809017   -0.309017  ]
  [-0.809017   -0.309017   -0.5       ]
  [ 0.309017    0.5        -0.809017  ]]

 [[-0.52861913  0.8488425  -0.00531489]
  [ 0.6744568   0.41620163 -0.60982312]
  [-0.51543172 -0.32594882 -0.79251973]]

 [[-1.          0.          0.        ]
  [ 0.          1.          0.        ]
  [ 0.          0.         -1.        ]]

 [[ 0.96923373  0.01301667 -0.24579776]
  [-0.03847261 -0.97831579 -0.20351432]
  [-0.24311691  0.20670943 -0.94771588]]

 [[-0.5        -0.809017   -0.309017  ]
  [-0.809017    0.309017    0.5       ]
  [-0.309017    0.5        -0.809017  ]]

 [[ 0.44061461  0.86185916 -0.25111265]
  [ 0.89379633 -0.39514022  0.21211398]
  [ 0.08358768 -0.31790408 -0.9444311 ]]

 [[ 0.          0.         -1.        ]
  [-1.          0.          0.        ]
  [ 0.          1.          0.        ]]

 [[-0.24311691  0.20670943 -0.94771588]
  [ 0.96923373  0.01301667 -0.24579776]
  [-0.03847261 -0.97831579 -0.20351432]]

 [[-0.5         0.809017    0.309017  ]
  [ 0.809017    0.309017    0.5       ]
  [ 0.309017    0.5        -0.809017  ]]

 [[ 0.52861913 -0.8488425   0.00531489]
  [-0.6744568  -0.41620163  0.60982312]
  [-0.51543172 -0.32594882 -0.79251973]]

 [[ 1.          0.          0.        ]
  [ 0.         -1.          0.        ]
  [ 0.          0.         -1.        ]]

 [[-0.96923373 -0.01301667  0.24579776]
  [ 0.03847261  0.97831579  0.20351432]
  [-0.24311691  0.20670943 -0.94771588]]

 [[ 0.309017    0.5        -0.809017  ]
  [-0.5         0.809017    0.309017  ]
  [ 0.809017    0.309017    0.5       ]]

 [[-0.51543172 -0.32594882 -0.79251973]
  [ 0.52861913 -0.8488425   0.00531489]
  [-0.6744568  -0.41620163  0.60982312]]

 [[ 0.          0.         -1.        ]
  [ 1.          0.          0.        ]
  [ 0.         -1.          0.        ]]

 [[-0.24311691  0.20670943 -0.94771588]
  [-0.96923373 -0.01301667  0.24579776]
  [ 0.03847261  0.97831579  0.20351432]]

 [[-0.309017    0.5        -0.809017  ]
  [-0.5        -0.809017   -0.309017  ]
  [-0.809017    0.309017    0.5       ]]

 [[ 0.08358768 -0.31790408 -0.9444311 ]
  [ 0.44061461  0.86185916 -0.25111265]
  [ 0.89379633 -0.39514022  0.21211398]]

 [[-0.809017    0.309017   -0.5       ]
  [ 0.309017   -0.5        -0.809017  ]
  [-0.5        -0.809017    0.309017  ]]

 [[ 0.65067942 -0.18843079 -0.73560189]
  [-0.47695911  0.65236696 -0.58900541]
  [ 0.59086912  0.73410571  0.33460798]]

 [[ 0.5         0.809017   -0.309017  ]
  [-0.809017    0.309017   -0.5       ]
  [-0.309017    0.5         0.809017  ]]

 [[-0.59086912 -0.73410571 -0.33460798]
  [ 0.65067942 -0.18843079 -0.73560189]
  [ 0.47695911 -0.65236696  0.58900541]]

 [[ 0.309017   -0.5        -0.809017  ]
  [ 0.5         0.809017   -0.309017  ]
  [ 0.809017   -0.309017    0.5       ]]

 [[-0.47695911  0.65236696 -0.58900541]
  [-0.59086912 -0.73410571 -0.33460798]
  [-0.65067942  0.18843079  0.73560189]]

 [[-0.309017   -0.5        -0.809017  ]
  [-0.5         0.809017   -0.309017  ]
  [ 0.809017    0.309017   -0.5       ]]

 [[ 0.12206029  0.66041171 -0.74091678]
  [ 0.37836461 -0.72108904 -0.58040575]
  [-0.91757371 -0.2094922  -0.33789276]]

 [[-0.5         0.809017   -0.309017  ]
  [ 0.809017    0.309017   -0.5       ]
  [-0.309017   -0.5        -0.809017  ]]

 [[ 0.37836461 -0.72108904 -0.58040575]
  [-0.91757371 -0.2094922  -0.33789276]
  [ 0.12206029  0.66041171 -0.74091678]]

 [[-0.309017    0.5        -0.809017  ]
  [ 0.5         0.809017    0.309017  ]
  [ 0.809017   -0.309017   -0.5       ]]

 [[ 0.08358768 -0.31790408 -0.9444311 ]
  [-0.44061461 -0.86185916  0.25111265]
  [-0.89379633  0.39514022 -0.21211398]]

 [[ 0.809017    0.309017   -0.5       ]
  [-0.309017   -0.5        -0.809017  ]
  [-0.5         0.809017   -0.309017  ]]

 [[-0.91757371 -0.2094922  -0.33789276]
  [ 0.12206029  0.66041171 -0.74091678]
  [ 0.37836461 -0.72108904 -0.58040575]]

 [[ 0.          1.          0.        ]
  [ 0.          0.         -1.        ]
  [-1.          0.          0.        ]]

 [[-0.03847261 -0.97831579 -0.20351432]
  [-0.24311691  0.20670943 -0.94771588]
  [ 0.96923373  0.01301667 -0.24579776]]

 [[ 0.809017   -0.309017   -0.5       ]
  [-0.309017    0.5        -0.809017  ]
  [ 0.5         0.809017    0.309017  ]]

 [[-0.89379633  0.39514022 -0.21211398]
  [ 0.08358768 -0.31790408 -0.9444311 ]
  [-0.44061461 -0.86185916  0.25111265]]

 [[-0.809017   -0.309017   -0.5       ]
  [ 0.309017    0.5        -0.809017  ]
  [ 0.5        -0.809017   -0.309017  ]]

 [[ 0.6744568   0.41620163 -0.60982312]
  [-0.51543172 -0.32594882 -0.79251973]
  [-0.52861913  0.8488425  -0.00531489]]

 [[-0.5        -0.809017    0.309017  ]
  [-0.809017    0.309017   -0.5       ]
  [ 0.309017   -0.5        -0.809017  ]]

 [[ 0.59086912  0.73410571  0.33460798]
  [ 0.65067942 -0.18843079 -0.73560189]
  [-0.47695911  0.65236696 -0.58900541]]

 [[-0.309017    0.5         0.809017  ]
  [ 0.5         0.809017   -0.309017  ]
  [-0.809017    0.309017   -0.5       ]]

 [[ 0.47695911 -0.65236696  0.58900541]
  [-0.59086912 -0.73410571 -0.33460798]
  [ 0.65067942 -0.18843079 -0.73560189]]

 [[ 0.809017   -0.309017    0.5       ]
  [ 0.309017   -0.5        -0.809017  ]
  [ 0.5         0.809017   -0.309017  ]]

 [[-0.65067942  0.18843079  0.73560189]
  [-0.47695911  0.65236696 -0.58900541]
  [-0.59086912 -0.73410571 -0.33460798]]

 [[ 0.809017    0.309017    0.5       ]
  [ 0.309017    0.5        -0.809017  ]
  [-0.5         0.809017    0.309017  ]]

 [[-0.6744568  -0.41620163  0.60982312]
  [-0.51543172 -0.32594882 -0.79251973]
  [ 0.52861913 -0.8488425   0.00531489]]

 [[ 0.         -1.          0.        ]
  [ 0.          0.         -1.        ]
  [ 1.          0.          0.        ]]

 [[ 0.03847261  0.97831579  0.20351432]
  [-0.24311691  0.20670943 -0.94771588]
  [-0.96923373 -0.01301667  0.24579776]]

 [[-0.809017    0.309017    0.5       ]
  [-0.309017    0.5        -0.809017  ]
  [-0.5        -0.809017   -0.309017  ]]

 [[ 0.89379633 -0.39514022  0.21211398]
  [ 0.08358768 -0.31790408 -0.9444311 ]
  [ 0.44061461  0.86185916 -0.25111265]]

 [[-0.809017    0.309017   -0.5       ]
  [-0.309017    0.5         0.809017  ]
  [ 0.5         0.809017   -0.309017  ]]

 [[ 0.65067942 -0.18843079 -0.73560189]
  [ 0.47695911 -0.65236696  0.58900541]
  [-0.59086912 -0.73410571 -0.33460798]]

 [[ 0.          0.          1.        ]
  [-1.          0.          0.        ]
  [ 0.         -1.          0.        ]]

 [[ 0.24311691 -0.20670943  0.94771588]
  [ 0.96923373  0.01301667 -0.24579776]
  [ 0.03847261  0.97831579  0.20351432]]

 [[ 0.309017   -0.5         0.809017  ]
  [ 0.5         0.809017    0.309017  ]
  [-0.809017    0.309017    0.5       ]]

 [[-0.08358768  0.31790408  0.9444311 ]
  [-0.44061461 -0.86185916  0.25111265]
  [ 0.89379633 -0.39514022  0.21211398]]

 [[-0.309017   -0.5         0.809017  ]
  [ 0.5        -0.809017   -0.309017  ]
  [ 0.809017    0.309017    0.5       ]]

 [[ 0.51543172  0.32594882  0.79251973]
  [-0.52861913  0.8488425  -0.00531489]
  [-0.6744568  -0.41620163  0.60982312]]

 [[ 0.5        -0.809017    0.309017  ]
  [ 0.809017    0.309017   -0.5       ]
  [ 0.309017    0.5         0.809017  ]]

 [[-0.37836461  0.72108904  0.58040575]
  [-0.91757371 -0.2094922  -0.33789276]
  [-0.12206029 -0.66041171  0.74091678]]

 [[-0.809017   -0.309017    0.5       ]
  [-0.309017   -0.5        -0.809017  ]
  [ 0.5        -0.809017    0.309017  ]]

 [[ 0.91757371  0.2094922   0.33789276]
  [ 0.12206029  0.66041171 -0.74091678]
  [-0.37836461  0.72108904  0.58040575]]

 [[ 0.309017    0.5         0.809017  ]
  [-0.5         0.809017   -0.309017  ]
  [-0.809017   -0.309017    0.5       ]]

 [[-0.12206029 -0.66041171  0.74091678]
  [ 0.37836461 -0.72108904 -0.58040575]
  [ 0.91757371  0.2094922   0.33789276]]

 [[ 0.5         0.809017    0.309017  ]
  [-0.809017    0.309017    0.5       ]
  [ 0.309017   -0.5         0.809017  ]]

 [[-0.44061461 -0.86185916  0.25111265]
  [ 0.89379633 -0.39514022  0.21211398]
  [-0.08358768  0.31790408  0.9444311 ]]

 [[ 0.5        -0.809017   -0.309017  ]
  [ 0.809017    0.309017    0.5       ]
  [-0.309017   -0.5         0.809017  ]]

 [[-0.52861913  0.8488425  -0.00531489]
  [-0.6744568  -0.41620163  0.60982312]
  [ 0.51543172  0.32594882  0.79251973]]

 [[-1.          0.          0.        ]
  [ 0.         -1.          0.        ]
  [ 0.          0.          1.        ]]

 [[ 0.96923373  0.01301667 -0.24579776]
  [ 0.03847261  0.97831579  0.20351432]
  [ 0.24311691 -0.20670943  0.94771588]]

 [[-0.5        -0.809017   -0.309017  ]
  [ 0.809017   -0.309017   -0.5       ]
  [ 0.309017   -0.5         0.809017  ]]

 [[ 0.44061461  0.86185916 -0.25111265]
  [-0.89379633  0.39514022 -0.21211398]
  [-0.08358768  0.31790408  0.9444311 ]]

 [[ 0.5         0.809017   -0.309017  ]
  [ 0.809017   -0.309017    0.5       ]
  [ 0.309017   -0.5        -0.809017  ]]

 [[-0.59086912 -0.73410571 -0.33460798]
  [-0.65067942  0.18843079  0.73560189]
  [-0.47695911  0.65236696 -0.58900541]]

 [[-0.5         0.809017    0.309017  ]
  [-0.809017   -0.309017   -0.5       ]
  [-0.309017   -0.5         0.809017  ]]

 [[ 0.52861913 -0.8488425   0.00531489]
  [ 0.6744568   0.41620163 -0.60982312]
  [ 0.51543172  0.32594882  0.79251973]]

 [[ 0.309017   -0.5        -0.809017  ]
  [-0.5        -0.809017    0.309017  ]
  [-0.809017    0.309017   -0.5       ]]

 [[-0.47695911  0.65236696 -0.58900541]
  [ 0.59086912  0.73410571  0.33460798]
  [ 0.65067942 -0.18843079 -0.73560189]]

 [[-0.309017   -0.5        -0.809017  ]
  [ 0.5        -0.809017    0.309017  ]
  [-0.809017   -0.309017    0.5       ]]

 [[ 0.12206029  0.66041171 -0.74091678]
  [-0.37836461  0.72108904  0.58040575]
  [ 0.91757371  0.2094922   0.33789276]]

 [[-0.5         0.809017   -0.309017  ]
  [-0.809017   -0.309017    0.5       ]
  [ 0.309017    0.5         0.809017  ]]

 [[ 0.37836461 -0.72108904 -0.58040575]
  [ 0.91757371  0.2094922   0.33789276]
  [-0.12206029 -0.66041171  0.74091678]]]