[[[ 1.          0.          0.        ]
  [ 0.          1.          0.        ]
  [ 0.          0.          1.        ]]

 [[-0.93068855  0.33241734  0.1527008 ]
  [ 0.36028863  0.76068673  0.53995166]
  [ 0.06333183  0.55754319 -0.82772862]]

 [[-0.56540578 -0.13528706  0.81364225]
  [ 0.18985475  0.93862217  0.28799931]
  [-0.80266523  0.31731032 -0.50501751]]

 [[ 0.309017   -0.49948     0.809338  ]
  [ 0.500278    0.809109    0.308325  ]
  [-0.808845    0.309616    0.499908  ]]

 [[-0.4162987   0.17401569 -0.89242014]
  [-0.15456345  0.95368407  0.25806317]
  [ 0.89599399  0.24536698 -0.37012176]]

 [[-0.91917612 -0.2538177  -0.30115047]
  [-0.37672864  0.78960121  0.48436063]
  [ 0.11484894  0.55866467 -0.82140357]]

 [[-0.809016   -0.307898    0.500691  ]
  [ 0.309987    0.500241    0.808497  ]
  [-0.499401    0.809295   -0.309259  ]]

 [[ 0.67371945 -0.22398801 -0.70422369]
  [-0.05706662  0.93434374 -0.35177489]
  [ 0.73678065  0.27718517  0.61670378]]

 [[-0.00292083 -0.02067607 -0.99978173]
  [-0.72924774  0.68414451 -0.01201756]
  [ 0.68424416  0.72905365 -0.01707614]]

 [[-0.809016    0.309987   -0.499401  ]
  [-0.307898    0.500241    0.809295  ]
  [ 0.500691    0.808497   -0.309259  ]]

 [[ 0.83299875 -0.31156557  0.45720911]
  [ 0.51804242  0.72939297 -0.44678694]
  [-0.19428104  0.60902606  0.76898774]]

 [[ 0.91712665  0.24194497 -0.31676731]
  [-0.38053252  0.76798956 -0.51515791]
  [ 0.11863486  0.59300512  0.79641114]]

 [[ 0.309017    0.500278   -0.808845  ]
  [-0.49948     0.809109    0.309616  ]
  [ 0.809338    0.308325    0.499908  ]]

 [[-0.15857974  0.03231142  0.98681724]
  [ 0.77598164  0.62206696  0.10433073]
  [-0.61049553  0.78229702 -0.12372101]]

 [[ 0.56949192  0.17111115  0.80398989]
  [ 0.18750407  0.92526517 -0.3297367 ]
  [-0.80032619  0.33853369  0.49484669]]

 [[-0.499043    0.809708    0.308754  ]
  [ 0.809708    0.30875     0.499046  ]
  [ 0.308754    0.499046   -0.809706  ]]

 [[ 0.77573615  0.62218728  0.10543439]
  [-0.61074136  0.78226271 -0.12272153]
  [-0.15883337  0.03080679  0.98682453]]

 [[ 0.18806261  0.92549477 -0.3287733 ]
  [-0.7997628   0.33860903  0.49570546]
  [ 0.57009781  0.16971715  0.80385591]]

 [[ 0.001132    0.999999    0.000107  ]
  [ 0.001024   -0.000108    0.999999  ]
  [ 0.999999   -0.001132   -0.001024  ]]

 [[ 0.35924151  0.76112192  0.54003541]
  [ 0.06233983  0.55780088 -0.82762974]
  [-0.93116032  0.33098498  0.15293701]]

 [[ 0.18912864  0.93850204  0.28886603]
  [-0.80326391  0.3170701  -0.50421494]
  [-0.5647982  -0.13667437  0.81383256]]

 [[ 0.500541    0.808576    0.309295  ]
  [-0.808582    0.309017    0.500703  ]
  [ 0.309279   -0.500713    0.808476  ]]

 [[-0.15493882  0.95390686  0.25701264]
  [ 0.89558376  0.245442   -0.37106308]
  [-0.41704137  0.17268426 -0.89233239]]

 [[-0.37775712  0.78937313  0.48393124]
  [ 0.11394839  0.55831911 -0.82176358]
  [-0.91886645 -0.25528399 -0.30085707]]

 [[ 0.309017    0.499979    0.80903   ]
  [-0.500262    0.808925   -0.308833  ]
  [-0.808855   -0.309293    0.500092  ]]

 [[-0.05622449  0.93411917 -0.35250565]
  [ 0.73747564  0.27685502  0.61601991]
  [ 0.67302908 -0.22532962 -0.70445653]]

 [[-0.72917686  0.68419894 -0.01315142]
  [ 0.68431879  0.72895801 -0.01809839]
  [-0.00279591 -0.0221973  -0.99974999]]

 [[-0.30876     0.500678    0.808696  ]
  [ 0.499896    0.80876    -0.309857  ]
  [-0.809179    0.308592   -0.5       ]]

 [[ 0.51896418  0.72910488 -0.4461868 ]
  [-0.19348426  0.60862844  0.76950333]
  [ 0.83260991 -0.31301489  0.4569268 ]]

 [[-0.37948138  0.76832629 -0.5154309 ]
  [ 0.11961428  0.59316978  0.79614204]
  [ 0.91743476  0.24046758 -0.31699919]]

 [[ 0.307344   -0.500137   -0.80957   ]
  [-0.500137   -0.808668    0.309709  ]
  [-0.80957     0.309709   -0.498676  ]]

 [[-0.51750676 -0.72965135  0.44698613]
  [ 0.19373233 -0.60872108 -0.76936795]
  [ 0.8334601  -0.31155699  0.4563743 ]]

 [[ 0.38108623 -0.76790426  0.51487598]
  [-0.11934176 -0.59309779 -0.79623689]
  [ 0.91680517  0.24198903 -0.31766427]]

 [[ 0.499583   -0.808833   -0.31017   ]
  [-0.809616   -0.308601   -0.499287  ]
  [ 0.308121    0.500554   -0.809016  ]]

 [[-0.77601315 -0.62213165 -0.10370742]
  [ 0.61069415 -0.78225315  0.12301551]
  [-0.15765723  0.03212819  0.98697098]]

 [[-0.18706523 -0.92519584  0.33017977]
  [ 0.79993252 -0.33855809 -0.49546598]
  [ 0.57018818  0.17143717  0.80342672]]

 [[ 0.000618   -1.         -0.000109  ]
  [-0.000726    0.000108   -1.        ]
  [ 1.          0.000618   -0.000726  ]]

 [[-0.3608707  -0.76054207 -0.53976707]
  [-0.06261723 -0.55770237  0.82767607]
  [-0.93051187  0.33248267  0.15363542]]

 [[-0.19011668 -0.93874036 -0.28744143]
  [ 0.80309622 -0.31711073  0.50445791]
  [-0.56470572 -0.13493736  0.81418688]]

 [[-0.499999   -0.809451   -0.30788   ]
  [ 0.808674   -0.309166   -0.500462  ]
  [ 0.309914   -0.499205    0.809165  ]]

 [[ 0.15420875 -0.95360337 -0.25857357]
  [-0.8957078  -0.2453904   0.37079719]
  [-0.4170454   0.1744266  -0.89199148]]

 [[ 0.37614878 -0.78981876 -0.48445685]
  [-0.11422214 -0.55839494  0.82167381]
  [-0.91949222 -0.25373583 -0.30025406]]

 [[-0.310432   -0.500519   -0.808154  ]
  [ 0.500022   -0.809017    0.308983  ]
  [-0.808462   -0.308176    0.501415  ]]

 [[ 0.05740233 -0.9345119   0.35127292]
  [-0.73727592 -0.27692115 -0.61623039]
  [ 0.67314955 -0.22361166 -0.70488848]]

 [[ 0.72917125 -0.6842364   0.0114022 ]
  [-0.68432096 -0.7289643   0.01780087]
  [-0.00386798 -0.02078223 -0.99977667]]

 [[-0.8083     -0.309571    0.500816  ]
  [-0.309571   -0.500082   -0.808755  ]
  [ 0.500816   -0.808755    0.308382  ]]

 [[ 0.67245824 -0.22495294 -0.70512117]
  [ 0.05672039 -0.93422835  0.35213782]
  [-0.73795856 -0.27679299 -0.61547021]]

 [[-0.00374362 -0.02230359 -0.99974411]
  [ 0.72924981 -0.68413341  0.01253212]
  [-0.68423775 -0.7290165   0.01882587]]

 [[-0.809733    0.308314   -0.499275  ]
  [ 0.308314   -0.5004     -0.809038  ]
  [-0.499275   -0.809038    0.310132  ]]

 [[ 0.83307127 -0.3130063   0.45609199]
  [-0.5184706  -0.72923235  0.44655189]
  [ 0.19282356 -0.60848015 -0.76978624]]

 [[ 0.91711328  0.24051164 -0.31789615]
  [ 0.38006084 -0.76811353  0.5153208 ]
  [-0.12023891 -0.59342747 -0.79585571]]

 [[ 0.307857    0.499322   -0.809878  ]
  [ 0.499322   -0.809366   -0.3092    ]
  [-0.809878   -0.3092     -0.498491  ]]

 [[-0.15791     0.03062266  0.98697895]
  [-0.77590084 -0.62208304 -0.10483796]
  [ 0.61077259 -0.78235209  0.1219932 ]]

 [[ 0.57079544  0.17004298  0.80329242]
  [-0.18779744 -0.92535302  0.32932404]
  [ 0.79932801 -0.3388323  -0.49625366]]

 [[ 0.999998   -0.000514   -0.00175   ]
  [-0.000514   -1.          0.        ]
  [-0.00175     0.         -0.999998  ]]

 [[-0.93098271  0.33104998  0.15387148]
  [-0.35981026 -0.76085759 -0.54003015]
  [-0.06170299 -0.55812381  0.82745974]]

 [[-0.56409757 -0.13632453  0.81437637]
  [-0.18956413 -0.93855263 -0.28841752]
  [ 0.80365309 -0.31707293  0.50359263]]

 [[ 0.310175   -0.500437    0.808303  ]
  [-0.500437   -0.808852   -0.308741  ]
  [ 0.808303   -0.308741   -0.501323  ]]

 [[-0.41778678  0.1730956  -0.89190335]
  [ 0.15477767 -0.95377336 -0.25760435]
  [-0.89526392 -0.24567048  0.37168269]]

 [[-0.9191818  -0.25520104 -0.29996119]
  [ 0.37720124 -0.78947047 -0.48420589]
  [-0.11324059 -0.55821904  0.82192917]]

 [[-0.309274   -0.499862    0.809004  ]
  [-0.499563    0.809274    0.309051  ]
  [-0.809189   -0.308567   -0.5       ]]

 [[ 0.15897887 -0.03199176 -0.98676347]
  [ 0.77608255  0.62184987  0.10487482]
  [ 0.61026384 -0.78248287  0.12368924]]

 [[-0.56939525 -0.17063547 -0.80415949]
  [ 0.18803583  0.925252   -0.32947138]
  [ 0.80026984 -0.33881019 -0.49474869]]

 [[-1.          0.000514    0.        ]
  [ 0.000514    1.         -0.000298  ]
  [ 0.         -0.000298   -1.        ]]

 [[ 0.93087374 -0.33202635 -0.15242326]
  [ 0.35979139  0.76069145  0.54027681]
  [-0.06343919 -0.55776988  0.82756771]]

 [[ 0.56550337  0.13576951 -0.81349422]
  [ 0.18980333  0.93845807  0.28856801]
  [ 0.80260866 -0.31759003  0.50493169]]

 [[-0.30876     0.499896   -0.809179  ]
  [ 0.500678    0.80876     0.308592  ]
  [ 0.808696   -0.309857   -0.5       ]]

 [[ 0.41621946 -0.17352517  0.8925524 ]
  [-0.15504455  0.95370042  0.2577148 ]
  [-0.89594798 -0.24565113  0.37004503]]

 [[ 0.91898217  0.25422385  0.30139908]
  [-0.37723538  0.78930424  0.48445073]
  [-0.1147366  -0.55889991  0.82125939]]

 [[ 0.809175    0.308155   -0.500276  ]
  [ 0.30972     0.499841    0.808846  ]
  [ 0.499308   -0.809444    0.309017  ]]

 [[-0.67374856  0.22446774  0.70404323]
  [-0.05694013  0.93414529 -0.35232051]
  [-0.7367631  -0.27746435 -0.61659812]]

 [[ 0.00254662  0.02102747  0.99977554]
  [-0.72945285  0.68391592 -0.01252625]
  [-0.68402562 -0.72925771  0.01707978]]

 [[ 0.808858   -0.30973     0.499817  ]
  [-0.308463    0.500159    0.80913   ]
  [-0.500599   -0.808646    0.309017  ]]

 [[-0.83273276  0.31194049 -0.4574388 ]
  [ 0.51852827  0.72905079 -0.44678092]
  [ 0.19412641 -0.60924374 -0.76885383]]

 [[-0.91732243 -0.24155037  0.31650268]
  [-0.38009619  0.76793668 -0.5155579 ]
  [-0.11852092 -0.59323421 -0.79625698]]

 [[-0.000618   -0.001024   -0.999999  ]
  [ 1.         -0.000406   -0.000618  ]
  [-0.000405   -0.999999    0.001024  ]]

 [[-0.06312553 -0.55852701  0.82708051]
  [-0.93087397  0.33176394  0.15299311]
  [-0.35984649 -0.76024968 -0.54086056]]

 [[ 0.80281944 -0.31818755  0.50421926]
  [-0.56498682 -0.13586423  0.81383742]
  [-0.1904475  -0.93824151 -0.28884568]]

 [[ 0.808141   -0.310136   -0.500723  ]
  [ 0.309314   -0.5         0.808904  ]
  [-0.501232   -0.808589   -0.308141  ]]

 [[-0.89557775 -0.24645096  0.37040808]
  [-0.41678995  0.17347689 -0.89229633]
  [ 0.15565033 -0.95350305 -0.25808038]]

 [[-0.11389544 -0.55931612  0.82109259]
  [-0.91909442 -0.25448368 -0.3008394 ]
  [ 0.37721907 -0.78892568 -0.48508   ]]

 [[ 0.499583   -0.809616    0.308121  ]
  [-0.808833   -0.308601    0.500554  ]
  [-0.31017    -0.499287   -0.809016  ]]

 [[-0.73713776 -0.27800333 -0.61590735]
  [ 0.67328718 -0.22453832 -0.70446194]
  [ 0.05754778 -0.93396824  0.35269165]]

 [[-0.68349458 -0.72974066  0.01770649]
  [-0.0030478  -0.02140415 -0.99976611]
  [ 0.72994892 -0.68338899  0.01240552]]

 [[-0.499875   -0.8092      0.308738  ]
  [-0.8092      0.309284   -0.499538  ]
  [ 0.308738   -0.499538   -0.809409  ]]

 [[ 0.19323532 -0.60958005 -0.76881147]
  [ 0.83290803 -0.31223789  0.45691483]
  [-0.51857813 -0.72864254  0.44738916]]

 [[-0.11881151 -0.59394069 -0.79568656]
  [ 0.91720718  0.24126654 -0.3170503 ]
  [ 0.38028255 -0.76747953  0.5161014 ]]

 [[-0.809017   -0.309463   -0.499724  ]
  [ 0.30872     0.499759   -0.809279  ]
  [ 0.500184   -0.808995   -0.308776  ]]

 [[ 0.60979843 -0.78295339  0.12300326]
  [-0.1585178   0.03157592  0.98685088]
  [-0.77654257 -0.62127788 -0.10485697]]

 [[ 0.79978095 -0.33958689 -0.49500617]
  [ 0.56990966  0.17052648  0.80381795]
  [-0.18855471 -0.92498687  0.32991812]]

 [[-0.499999    0.809457   -0.307864  ]
  [-0.808484   -0.308868    0.500954  ]
  [ 0.310411    0.499379    0.808867  ]]

 [[ 0.73748391  0.27788739  0.61554525]
  [ 0.6728915  -0.2244024  -0.7048839 ]
  [-0.05774836  0.93403527 -0.35248184]]

 [[ 0.68349331  0.72972925 -0.01822055]
  [-0.00361689 -0.02157506 -0.99976105]
  [-0.72994812  0.68339546 -0.01210769]]

 [[ 0.499459    0.809359   -0.308995  ]
  [-0.809549    0.309017   -0.499138  ]
  [-0.308497    0.499446    0.809558  ]]

 [[-0.19280714  0.60941942  0.76904653]
  [ 0.83316198 -0.31233399  0.45638627]
  [ 0.51833013  0.72873574 -0.44752537]]

 [[ 0.11928319  0.59406466  0.79552366]
  [ 0.91703275  0.24119007 -0.31761316]
  [-0.38055588  0.76740785 -0.51600706]]

 [[ 0.809175    0.30972     0.499308  ]
  [ 0.308155    0.499841   -0.809444  ]
  [-0.500276    0.808846    0.309017  ]]

 [[-0.60987923  0.78296947 -0.12249603]
  [-0.15797287  0.03135849  0.98694546]
  [ 0.77658978  0.62126833  0.10456298]]

 [[-0.79948758  0.33967474  0.49541883]
  [ 0.57037713  0.17062752  0.80346518]
  [ 0.188385    0.92493594 -0.3301576 ]]

 [[ 0.001132    0.001024    0.999999  ]
  [ 0.999999   -0.000108   -0.001132  ]
  [ 0.000107    0.999999   -0.001024  ]]

 [[ 0.06264716  0.55869787 -0.82700203]
  [-0.93079822  0.33170371  0.15357932]
  [ 0.36012384  0.76015061  0.54081506]]

 [[-0.80311006  0.31811801 -0.50380105]
  [-0.5645171  -0.13574749  0.81418201]
  [ 0.19061599  0.93828183  0.28860322]]

 [[-0.807982    0.309879    0.501139  ]
  [ 0.309879   -0.499918    0.808738  ]
  [ 0.501139    0.808738    0.3079    ]]

 [[ 0.89536353  0.24654026 -0.37086691]
  [-0.41729676  0.17363453 -0.89202837]
  [-0.15552535  0.95345111  0.25834611]]

 [[ 0.11342284  0.55918538 -0.82124733]
  [-0.91926506 -0.25453582 -0.30027224]
  [-0.37694476  0.78900164  0.48516896]]

 [[ 0.809891   -0.308571    0.498859  ]
  [ 0.308047   -0.5        -0.809387  ]
  [ 0.499183    0.809187   -0.309891  ]]

 [[-0.83333725  0.31263138 -0.4558623 ]
  [-0.51810009 -0.72921141  0.44701598]
  [-0.19266899  0.60869728  0.76965316]]

 [[-0.9169175  -0.24090624  0.31816077]
  [ 0.38056787 -0.7678127   0.51539501]
  [ 0.12012577  0.59365624  0.79570206]]

 [[-0.307601   -0.499738    0.809719  ]
  [ 0.499721   -0.809017   -0.309468  ]
  [ 0.809729    0.309441    0.498584  ]]

 [[ 0.15751179 -0.03094266 -0.98703287]
  [-0.77616342 -0.62183435 -0.10436676]
  [-0.6105412   0.78253774 -0.1219628 ]]

 [[-0.57089154 -0.17051853 -0.80312364]
  [-0.18774166 -0.92516446  0.32988454]
  [-0.79927266  0.33910818  0.49615487]]

 [[-0.999998    0.          0.00175   ]
  [ 0.         -1.          0.000298  ]
  [ 0.00175     0.000298    0.999998  ]]

 [[ 0.93079752 -0.33144097 -0.15414902]
  [-0.36026976 -0.76052058 -0.54019833]
  [ 0.06181036  0.55835049 -0.82729883]]

 [[ 0.56399999  0.13584208 -0.81452441]
  [-0.19009395 -0.93852761 -0.2881498 ]
  [-0.80359651  0.31735264 -0.5035068 ]]

 [[-0.310432    0.500022   -0.808462  ]
  [-0.500519   -0.809017   -0.308176  ]
  [-0.808154    0.308983    0.501415  ]]

 [[ 0.41786638 -0.17358536  0.89177163]
  [ 0.15483033 -0.95361112 -0.25817363]
  [ 0.89521827  0.24595539 -0.37160542]]

 [[ 0.91937594  0.25479583  0.29971286]
  [ 0.37676278 -0.78943497 -0.48460547]
  [ 0.11312845  0.55845522 -0.82178471]]

 [[ 0.808141    0.309314   -0.501232  ]
  [-0.310136   -0.5        -0.808589  ]
  [-0.500723    0.808904   -0.308141  ]]

 [[-0.6724292   0.22447265  0.70530245]
  [ 0.05728629 -0.93426124  0.35195841]
  [ 0.73794095  0.27707162  0.61536538]]

 [[ 0.00411864  0.02195187  0.99975082]
  [ 0.72945159 -0.68392733  0.0120122 ]
  [ 0.68402002  0.72922025 -0.018829  ]]

 [[-0.309274   -0.499563   -0.809189  ]
  [-0.499862    0.809274   -0.308567  ]
  [ 0.809004    0.309051   -0.5       ]]

 [[ 0.05660348 -0.9339768   0.35282264]
  [ 0.73724595  0.27740177  0.61604925]
  [-0.67324911  0.22524636  0.70427247]]

 [[ 0.72952877 -0.68382416  0.01314242]
  [ 0.68394538  0.72931588 -0.01780675]
  [ 0.00259188  0.02197919  0.99975507]]

 [[ 0.309017   -0.500262   -0.808855  ]
  [ 0.499979    0.808925   -0.309293  ]
  [ 0.80903    -0.308833    0.500092  ]]

 [[-0.51906356 -0.72879166  0.44658228]
  [-0.19346634  0.609096    0.76913826]
  [-0.83255224  0.31283332 -0.45715583]]

 [[ 0.37954267 -0.76802104  0.51584012]
  [ 0.11914598  0.59349239  0.79597226]
  [-0.91747011 -0.24064443  0.31676208]]

 [[ 0.499459   -0.809549   -0.308497  ]
  [ 0.809359    0.309017    0.499446  ]
  [-0.308995   -0.499138    0.809558  ]]

 [[-0.77604975 -0.62178475 -0.10549775]
  [-0.61029502  0.78257281 -0.12296174]
  [ 0.15901515 -0.0310394  -0.9867885 ]]

 [[-0.18847392 -0.92532026  0.32902778]
  [-0.79983585  0.33903378  0.49529639]
  [-0.56986022 -0.16981786 -0.80400375]]

 [[-0.001132   -0.999999    0.000407  ]
  [ 0.000726    0.000406    1.        ]
  [-0.999999    0.001132    0.000726  ]]

 [[-0.35920896 -0.76083535 -0.54046087]
  [ 0.06280242  0.55809337 -0.82739854]
  [ 0.93114145 -0.33115113 -0.15269035]]

 [[-0.18954121 -0.93833894 -0.2891256 ]
  [-0.80299864  0.31759318 -0.50430988]
  [ 0.5650374   0.13657981 -0.81368207]]

 [[-0.500957   -0.808417   -0.309038  ]
  [-0.808417    0.309582    0.500621  ]
  [-0.309038    0.500621   -0.808625  ]]

 [[ 0.15539955 -0.95378091 -0.25720304]
  [ 0.89562856  0.24588092 -0.37066493]
  [ 0.41677449 -0.1727572   0.89244285]]

 [[ 0.37781623 -0.78908607 -0.48435372]
  [ 0.11402819  0.55880109 -0.8214252 ]
  [ 0.91883232  0.25511775  0.30110191]]

 [[-0.499999   -0.808484    0.310411  ]
  [ 0.809457   -0.308868    0.499379  ]
  [-0.307864    0.500954    0.808867  ]]

 [[ 0.19371464 -0.60814385 -0.76982859]
  [-0.83300741  0.31255111 -0.45651935]
  [ 0.51824056  0.72970802 -0.4460425 ]]

 [[-0.11994832 -0.592721   -0.79642613]
  [-0.91714589 -0.2409613   0.31745951]
  [-0.38007283  0.76851839 -0.51470875]]

 [[-0.81005    -0.308304   -0.498767  ]
  [-0.308304   -0.4996      0.809536  ]
  [-0.498767    0.809536    0.30965   ]]

 [[ 0.61123801 -0.78188157  0.12267918]
  [ 0.15820419 -0.0311734  -0.98691423]
  [ 0.77547406  0.62264774  0.10464202]]

 [[ 0.7998169  -0.33805561 -0.49599618]
  [-0.57032097 -0.17035197 -0.80356347]
  [ 0.18715471  0.92558029 -0.32905077]]

 [[-0.001132    0.000726   -0.999999  ]
  [-0.999999    0.000406    0.001132  ]
  [ 0.000407    1.          0.000726  ]]

 [[-0.06201665 -0.55736667  0.82794694]
  [ 0.93090559 -0.33147703 -0.15341841]
  [ 0.35995582  0.7612268   0.53941288]]

 [[ 0.8034423  -0.31647542  0.50430505]
  [ 0.56457368  0.1360272  -0.81409619]
  [ 0.1890419   0.93879747  0.28796382]]

 [[ 0.808858   -0.308463   -0.500599  ]
  [-0.30973     0.500159   -0.808646  ]
  [ 0.499817    0.80913     0.309017  ]]

 [[-0.89563444 -0.24487085  0.37131827]
  [ 0.41725074 -0.17335038  0.8921051 ]
  [-0.15408301  0.95393262  0.25743133]]

 [[-0.11408274 -0.55780346  0.82209517]
  [ 0.91915272  0.25477106  0.30041642]
  [-0.37701945  0.78990287  0.48364211]]

 [[ 0.500541   -0.808582    0.309279  ]
  [ 0.808576    0.309017   -0.500713  ]
  [ 0.309295    0.500703    0.808476  ]]

 [[-0.73758348 -0.27625269 -0.61616127]
  [-0.67290818  0.22468069  0.70477892]
  [-0.05625746  0.93445344 -0.35161371]]

 [[-0.68476941 -0.72853229  0.01819894]
  [ 0.00339972  0.02177894  0.99975711]
  [-0.72875191  0.6846651  -0.01243694]]

 [[ 0.809891    0.308047    0.499183  ]
  [-0.308571   -0.5         0.809187  ]
  [ 0.498859   -0.809387   -0.309891  ]]

 [[-0.61115628  0.78186516 -0.12318657]
  [ 0.15828647 -0.03176101 -0.98688211]
  [-0.77552126 -0.62263819 -0.10434804]]

 [[-0.80010971  0.33796789  0.4955827 ]
  [-0.56996582 -0.17080203 -0.80371966]
  [-0.186985   -0.92552936  0.32929025]]

 [[ 0.000618   -0.000726    1.        ]
  [-1.          0.000108    0.000618  ]
  [-0.000109   -1.         -0.000726  ]]

 [[ 0.06249509  0.55719637 -0.82802626]
  [ 0.9307666  -0.33199062 -0.15315402]
  [-0.36023317 -0.76112774 -0.53936738]]

 [[-0.80315249  0.31654527 -0.50472377]
  [ 0.56493024  0.13558453 -0.81392325]
  [-0.18921039 -0.93883779 -0.28772135]]

 [[-0.809017    0.30872     0.500184  ]
  [-0.309463    0.499759   -0.808995  ]
  [-0.499724   -0.809279   -0.308776  ]]

 [[ 0.89584873  0.24478211 -0.37086027]
  [ 0.41683603 -0.17376048  0.89221877]
  [ 0.15395803 -0.95388068 -0.25769706]]

 [[ 0.11455454  0.55793451 -0.82194095]
  [ 0.91920595  0.25424875  0.30069471]
  [ 0.37674513 -0.78997883 -0.48373107]]

 [[-0.500125    0.808741   -0.309536  ]
  [ 0.808741    0.308452   -0.500795  ]
  [-0.309536   -0.500795   -0.808327  ]]

 [[ 0.73723732  0.27636864  0.61652337]
  [-0.6732705   0.22426003  0.70456692]
  [ 0.05645804 -0.93452046  0.35140391]]

 [[ 0.68477067  0.7285437  -0.01768488]
  [ 0.00326498  0.02120027  0.99977005]
  [ 0.72875111 -0.68467157  0.01213911]]

 [[ 0.500415    0.808325   -0.310155  ]
  [ 0.809292   -0.309433    0.499297  ]
  [ 0.307622   -0.500861   -0.809016  ]]

 [[-0.19414288  0.60830392  0.76959437]
  [-0.8330626   0.31202076 -0.45678175]
  [-0.51799126 -0.72980079  0.44617909]]

 [[ 0.11947744  0.59259671  0.79658953]
  [-0.91709404 -0.24149531  0.31720395]
  [ 0.38034692 -0.76844564  0.51461388]]

 [[-0.000618    1.         -0.000405  ]
  [-0.001024   -0.000406   -0.999999  ]
  [-0.999999   -0.000618    0.001024  ]]

 [[ 0.36083815  0.76025549  0.54019252]
  [-0.06252501 -0.55819187  0.82735221]
  [ 0.93052981 -0.33231619 -0.15388193]]

 [[ 0.19052925  0.93857726  0.28770101]
  [ 0.80316632 -0.31755255  0.50406691]
  [ 0.56446596  0.13503178 -0.81433656]]

 [[ 0.500415    0.809292    0.307622  ]
  [ 0.808325   -0.309433   -0.500861  ]
  [-0.310155    0.499297   -0.809016  ]]

 [[-0.15466954  0.95347686  0.2587648 ]
  [-0.89550446 -0.24593197  0.37092999]
  [ 0.41731228 -0.17435366  0.89188103]]

 [[-0.37620709  0.78953137  0.48487983]
  [-0.11375524 -0.55872495  0.82151446]
  [ 0.91952635  0.25390206  0.30000922]]

 [[ 0.310689    0.500103    0.808313  ]
  [ 0.500103   -0.809182    0.308417  ]
  [ 0.808313    0.308417   -0.501507  ]]

 [[-0.05778133  0.93436954 -0.3515899 ]
  [-0.7374466  -0.2773353  -0.61583862]
  [-0.67292987  0.22369416  0.70507201]]

 [[-0.72952317  0.68386162 -0.0113932 ]
  [-0.68394378 -0.72930973  0.01810509]
  [ 0.00407182  0.0209994   0.99977131]]

 [[-0.307601    0.499721    0.809729  ]
  [-0.499738   -0.809017    0.309441  ]
  [ 0.809719   -0.309468    0.498584  ]]

 [[ 0.51760614  0.72933812 -0.4473816 ]
  [ 0.19321827 -0.60900335 -0.76927364]
  [-0.83351777  0.31173855 -0.45614527]]

 [[-0.38114752  0.76759901 -0.51528519]
  [-0.1194185  -0.59356438 -0.79587741]
  [-0.91676982 -0.24181218  0.31790137]]

 [[-0.499999    0.808674    0.309914  ]
  [-0.809451   -0.309166   -0.499205  ]
  [-0.30788    -0.500462    0.809165  ]]

 [[ 0.77632681  0.62172969  0.10376994]
  [ 0.61034222 -0.78258237  0.12266776]
  [ 0.15747552 -0.03189502 -0.98700784]]

 [[ 0.18747573  0.92502165 -0.33043476]
  [ 0.79966614 -0.33908472 -0.49553586]
  [-0.57042657 -0.17133614 -0.80327938]]]