[[[ 1.          0.          0.        ]
  [ 0.          1.          0.        ]
  [ 0.          0.          1.        ]]

 [[-0.42910948  0.90318766 -0.01082152]
  [-0.74790713 -0.34856624  0.56492168]
  [ 0.50645827  0.25050674  0.82507357]]

 [[-0.44159032 -0.74094593  0.50596157]
  [ 0.89716252 -0.35845208  0.25809207]
  [-0.00986929  0.56790072  0.82303789]]

 [[ 0.45463605  0.89053212  0.01608087]
  [-0.89053093  0.45415994  0.02633278]
  [ 0.01614689 -0.02629234  0.99952388]]

 [[ 0.309017   -0.809017    0.5       ]
  [ 0.809017    0.5         0.309017  ]
  [-0.5         0.309017    0.809017  ]]

 [[ 0.72569659  0.68634973 -0.04783849]
  [-0.56460621  0.63382189  0.5286678 ]
  [ 0.39317208 -0.35664251  0.8474797 ]]

 [[-0.86721329  0.3449793   0.3590688 ]
  [ 0.0882774  -0.60317292  0.79271025]
  [ 0.4900492   0.71914651  0.4926257 ]]

 [[ 0.86901838 -0.10537972  0.48342754]
  [-0.0724675   0.93941082  0.33504596]
  [-0.48944411 -0.32619387  0.80872865]]

 [[-0.809017   -0.5         0.309017  ]
  [ 0.5        -0.309017    0.809017  ]
  [-0.309017    0.809017    0.5       ]]

 [[ 0.87761465 -0.47900021 -0.01874429]
  [ 0.42629463  0.76197094  0.48751738]
  [-0.21923832 -0.43584299  0.87291206]]

 [[-0.09437696  0.95415488 -0.28404485]
  [-0.50601806  0.19973616  0.83907759]
  [ 0.857344    0.22292142  0.46396909]]

 [[ 0.08244683 -0.95566038  0.28269378]
  [ 0.51557034  0.28365197  0.80853497]
  [-0.85287148  0.07908737  0.51609634]]

 [[-0.809017    0.5        -0.309017  ]
  [-0.5        -0.309017    0.809017  ]
  [ 0.309017    0.809017    0.5       ]]

 [[-0.18330091 -0.98238813  0.03625388]
  [ 0.85540411 -0.14121672  0.4983389 ]
  [-0.48444257  0.1223577   0.86622399]]

 [[ 0.80888512  0.24472084 -0.53461817]
  [-0.06442774  0.94068209  0.33311602]
  [ 0.58442617 -0.23500836  0.77667055]]

 [[-0.81806343 -0.48525088 -0.30871318]
  [ 0.06093428 -0.60688016  0.7924541 ]
  [-0.57189094  0.6294665   0.52603487]]

 [[ 0.309017    0.809017   -0.5       ]
  [-0.809017    0.5         0.309017  ]
  [ 0.5         0.309017    0.809017  ]]

 [[-0.99090084 -0.12814905  0.04115043]
  [ 0.12970752 -0.82756645  0.54617739]
  [-0.03593741  0.54654515  0.83665818]]

 [[ 0.59429546 -0.80290908 -0.04636734]
  [ 0.80278556  0.59570279 -0.02595277]
  [ 0.04845888 -0.02179942  0.99858727]]

 [[-0.58803784  0.65575885 -0.47348902]
  [-0.8080841  -0.50150044  0.30902656]
  [-0.03480806  0.56433825  0.82480952]]

 [[-1.          0.          0.        ]
  [ 0.         -1.          0.        ]
  [ 0.          0.          1.        ]]

 [[ 0.42910948 -0.90318766  0.01082152]
  [ 0.74790713  0.34856624 -0.56492168]
  [ 0.50645827  0.25050674  0.82507357]]

 [[ 0.44159032  0.74094593 -0.50596157]
  [-0.89716252  0.35845208 -0.25809207]
  [-0.00986929  0.56790072  0.82303789]]

 [[-0.45463605 -0.89053212 -0.01608087]
  [ 0.89053093 -0.45415994 -0.02633278]
  [ 0.01614689 -0.02629234  0.99952388]]

 [[-0.309017    0.809017   -0.5       ]
  [-0.809017   -0.5        -0.309017  ]
  [-0.5         0.309017    0.809017  ]]

 [[-0.72569659 -0.68634973  0.04783849]
  [ 0.56460621 -0.63382189 -0.5286678 ]
  [ 0.39317208 -0.35664251  0.8474797 ]]

 [[ 0.86721329 -0.3449793  -0.3590688 ]
  [-0.0882774   0.60317292 -0.79271025]
  [ 0.4900492   0.71914651  0.4926257 ]]

 [[-0.86901838  0.10537972 -0.48342754]
  [ 0.0724675  -0.93941082 -0.33504596]
  [-0.48944411 -0.32619387  0.80872865]]

 [[ 0.809017    0.5        -0.309017  ]
  [-0.5         0.309017   -0.809017  ]
  [-0.309017    0.809017    0.5       ]]

 [[-0.87761465  0.47900021  0.01874429]
  [-0.42629463 -0.76197094 -0.48751738]
  [-0.21923832 -0.43584299  0.87291206]]

 [[ 0.09437696 -0.95415488  0.28404485]
  [ 0.50601806 -0.19973616 -0.83907759]
  [ 0.857344    0.22292142  0.46396909]]

 [[-0.08244683  0.95566038 -0.28269378]
  [-0.51557034 -0.28365197 -0.80853497]
  [-0.85287148  0.07908737  0.51609634]]

 [[ 0.809017   -0.5         0.309017  ]
  [ 0.5         0.309017   -0.809017  ]
  [ 0.309017    0.809017    0.5       ]]

 [[ 0.18330091  0.98238813 -0.03625388]
  [-0.85540411  0.14121672 -0.4983389 ]
  [-0.48444257  0.1223577   0.86622399]]

 [[-0.80888512 -0.24472084  0.53461817]
  [ 0.06442774 -0.94068209 -0.33311602]
  [ 0.58442617 -0.23500836  0.77667055]]

 [[ 0.81806343  0.48525088  0.30871318]
  [-0.06093428  0.60688016 -0.7924541 ]
  [-0.57189094  0.6294665   0.52603487]]

 [[-0.309017   -0.809017    0.5       ]
  [ 0.809017   -0.5        -0.309017  ]
  [ 0.5         0.309017    0.809017  ]]

 [[ 0.99090084  0.12814905 -0.04115043]
  [-0.12970752  0.82756645 -0.54617739]
  [-0.03593741  0.54654515  0.83665818]]

 [[-0.59429546  0.80290908  0.04636734]
  [-0.80278556 -0.59570279  0.02595277]
  [ 0.04845888 -0.02179942  0.99858727]]

 [[ 0.58803784 -0.65575885  0.47348902]
  [ 0.8080841   0.50150044 -0.30902656]
  [-0.03480806  0.56433825  0.82480952]]

 [[-1.          0.          0.        ]
  [ 0.          1.          0.        ]
  [ 0.          0.         -1.        ]]

 [[ 0.42910948 -0.90318766  0.01082152]
  [-0.74790713 -0.34856624  0.56492168]
  [-0.50645827 -0.25050674 -0.82507357]]

 [[ 0.44159032  0.74094593 -0.50596157]
  [ 0.89716252 -0.35845208  0.25809207]
  [ 0.00986929 -0.56790072 -0.82303789]]

 [[-0.45463605 -0.89053212 -0.01608087]
  [-0.89053093  0.45415994  0.02633278]
  [-0.01614689  0.02629234 -0.99952388]]

 [[-0.309017    0.809017   -0.5       ]
  [ 0.809017    0.5         0.309017  ]
  [ 0.5        -0.309017   -0.809017  ]]

 [[-0.72569659 -0.68634973  0.04783849]
  [-0.56460621  0.63382189  0.5286678 ]
  [-0.39317208  0.35664251 -0.8474797 ]]

 [[ 0.86721329 -0.3449793  -0.3590688 ]
  [ 0.0882774  -0.60317292  0.79271025]
  [-0.4900492  -0.71914651 -0.4926257 ]]

 [[-0.86901838  0.10537972 -0.48342754]
  [-0.0724675   0.93941082  0.33504596]
  [ 0.48944411  0.32619387 -0.80872865]]

 [[ 0.809017    0.5        -0.309017  ]
  [ 0.5        -0.309017    0.809017  ]
  [ 0.309017   -0.809017   -0.5       ]]

 [[-0.87761465  0.47900021  0.01874429]
  [ 0.42629463  0.76197094  0.48751738]
  [ 0.21923832  0.43584299 -0.87291206]]

 [[ 0.09437696 -0.95415488  0.28404485]
  [-0.50601806  0.19973616  0.83907759]
  [-0.857344   -0.22292142 -0.46396909]]

 [[-0.08244683  0.95566038 -0.28269378]
  [ 0.51557034  0.28365197  0.80853497]
  [ 0.85287148 -0.07908737 -0.51609634]]

 [[ 0.809017   -0.5         0.309017  ]
  [-0.5        -0.309017    0.809017  ]
  [-0.309017   -0.809017   -0.5       ]]

 [[ 0.18330091  0.98238813 -0.03625388]
  [ 0.85540411 -0.14121672  0.4983389 ]
  [ 0.48444257 -0.1223577  -0.86622399]]

 [[-0.80888512 -0.24472084  0.53461817]
  [-0.06442774  0.94068209  0.33311602]
  [-0.58442617  0.23500836 -0.77667055]]

 [[ 0.81806343  0.48525088  0.30871318]
  [ 0.06093428 -0.60688016  0.7924541 ]
  [ 0.57189094 -0.6294665  -0.52603487]]

 [[-0.309017   -0.809017    0.5       ]
  [-0.809017    0.5         0.309017  ]
  [-0.5        -0.309017   -0.809017  ]]

 [[ 0.99090084  0.12814905 -0.04115043]
  [ 0.12970752 -0.82756645  0.54617739]
  [ 0.03593741 -0.54654515 -0.83665818]]

 [[-0.59429546  0.80290908  0.04636734]
  [ 0.80278556  0.59570279 -0.02595277]
  [-0.04845888  0.02179942 -0.99858727]]

 [[ 0.58803784 -0.65575885  0.47348902]
  [-0.8080841  -0.50150044  0.30902656]
  [ 0.03480806 -0.56433825 -0.82480952]]

 [[ 1.          0.          0.        ]
  [ 0.         -1.          0.        ]
  [ 0.          0.         -1.        ]]

 [[-0.42910948  0.90318766 -0.01082152]
  [ 0.74790713  0.34856624 -0.56492168]
  [-0.50645827 -0.25050674 -0.82507357]]

 [[-0.44159032 -0.74094593  0.50596157]
  [-0.89716252  0.35845208 -0.25809207]
  [ 0.00986929 -0.56790072 -0.82303789]]

 [[ 0.45463605  0.89053212  0.01608087]
  [ 0.89053093 -0.45415994 -0.02633278]
  [-0.01614689  0.02629234 -0.99952388]]

 [[ 0.309017   -0.809017    0.5       ]
  [-0.809017   -0.5        -0.309017  ]
  [ 0.5        -0.309017   -0.809017  ]]

 [[ 0.72569659  0.68634973 -0.04783849]
  [ 0.56460621 -0.63382189 -0.5286678 ]
  [-0.39317208  0.35664251 -0.8474797 ]]

 [[-0.86721329  0.3449793   0.3590688 ]
  [-0.0882774   0.60317292 -0.79271025]
  [-0.4900492  -0.71914651 -0.4926257 ]]

 [[ 0.86901838 -0.10537972  0.48342754]
  [ 0.0724675  -0.93941082 -0.33504596]
  [ 0.48944411  0.32619387 -0.80872865]]

 [[-0.809017   -0.5         0.309017  ]
  [-0.5         0.309017   -0.809017  ]
  [ 0.309017   -0.809017   -0.5       ]]

 [[ 0.87761465 -0.47900021 -0.01874429]
  [-0.42629463 -0.76197094 -0.48751738]
  [ 0.21923832  0.43584299 -0.87291206]]

 [[-0.09437696  0.95415488 -0.28404485]
  [ 0.50601806 -0.19973616 -0.83907759]
  [-0.857344   -0.22292142 -0.46396909]]

 [[ 0.08244683 -0.95566038  0.28269378]
  [-0.51557034 -0.28365197 -0.80853497]
  [ 0.85287148 -0.07908737 -0.51609634]]

 [[-0.809017    0.5        -0.309017  ]
  [ 0.5         0.309017   -0.809017  ]
  [-0.309017   -0.809017   -0.5       ]]

 [[-0.18330091 -0.98238813  0.03625388]
  [-0.85540411  0.14121672 -0.4983389 ]
  [ 0.48444257 -0.1223577  -0.86622399]]

 [[ 0.80888512  0.24472084 -0.53461817]
  [ 0.06442774 -0.94068209 -0.33311602]
  [-0.58442617  0.23500836 -0.77667055]]

 [[-0.81806343 -0.48525088 -0.30871318]
  [-0.06093428  0.60688016 -0.7924541 ]
  [ 0.57189094 -0.6294665  -0.52603487]]

 [[ 0.309017    0.809017   -0.5       ]
  [ 0.809017   -0.5        -0.309017  ]
  [-0.5        -0.309017   -0.809017  ]]

 [[-0.99090084 -0.12814905  0.04115043]
  [-0.12970752  0.82756645 -0.54617739]
  [ 0.03593741 -0.54654515 -0.83665818]]

 [[ 0.59429546 -0.80290908 -0.04636734]
  [-0.80278556 -0.59570279  0.02595277]
  [-0.04845888  0.02179942 -0.99858727]]

 [[-0.58803784  0.65575885 -0.47348902]
  [ 0.8080841   0.50150044 -0.30902656]
  [ 0.03480806 -0.56433825 -0.82480952]]

 [[ 0.          0.          1.        ]
  [ 1.          0.          0.        ]
  [ 0.          1.          0.        ]]

 [[ 0.50645827  0.25050674  0.82507357]
  [-0.42910948  0.90318766 -0.01082152]
  [-0.74790713 -0.34856624  0.56492168]]

 [[-0.00986929  0.56790072  0.82303789]
  [-0.44159032 -0.74094593  0.50596157]
  [ 0.89716252 -0.35845208  0.25809207]]

 [[ 0.01614689 -0.02629234  0.99952388]
  [ 0.45463605  0.89053212  0.01608087]
  [-0.89053093  0.45415994  0.02633278]]

 [[-0.5         0.309017    0.809017  ]
  [ 0.309017   -0.809017    0.5       ]
  [ 0.809017    0.5         0.309017  ]]

 [[ 0.39317208 -0.35664251  0.8474797 ]
  [ 0.72569659  0.68634973 -0.04783849]
  [-0.56460621  0.63382189  0.5286678 ]]

 [[ 0.4900492   0.71914651  0.4926257 ]
  [-0.86721329  0.3449793   0.3590688 ]
  [ 0.0882774  -0.60317292  0.79271025]]

 [[-0.48944411 -0.32619387  0.80872865]
  [ 0.86901838 -0.10537972  0.48342754]
  [-0.0724675   0.93941082  0.33504596]]

 [[-0.309017    0.809017    0.5       ]
  [-0.809017   -0.5         0.309017  ]
  [ 0.5        -0.309017    0.809017  ]]

 [[-0.21923832 -0.43584299  0.87291206]
  [ 0.87761465 -0.47900021 -0.01874429]
  [ 0.42629463  0.76197094  0.48751738]]

 [[ 0.857344    0.22292142  0.46396909]
  [-0.09437696  0.95415488 -0.28404485]
  [-0.50601806  0.19973616  0.83907759]]

 [[-0.85287148  0.07908737  0.51609634]
  [ 0.08244683 -0.95566038  0.28269378]
  [ 0.51557034  0.28365197  0.80853497]]

 [[ 0.309017    0.809017    0.5       ]
  [-0.809017    0.5        -0.309017  ]
  [-0.5        -0.309017    0.809017  ]]

 [[-0.48444257  0.1223577   0.86622399]
  [-0.18330091 -0.98238813  0.03625388]
  [ 0.85540411 -0.14121672  0.4983389 ]]

 [[ 0.58442617 -0.23500836  0.77667055]
  [ 0.80888512  0.24472084 -0.53461817]
  [-0.06442774  0.94068209  0.33311602]]

 [[-0.57189094  0.6294665   0.52603487]
  [-0.81806343 -0.48525088 -0.30871318]
  [ 0.06093428 -0.60688016  0.7924541 ]]

 [[ 0.5         0.309017    0.809017  ]
  [ 0.309017    0.809017   -0.5       ]
  [-0.809017    0.5         0.309017  ]]

 [[-0.03593741  0.54654515  0.83665818]
  [-0.99090084 -0.12814905  0.04115043]
  [ 0.12970752 -0.82756645  0.54617739]]

 [[ 0.04845888 -0.02179942  0.99858727]
  [ 0.59429546 -0.80290908 -0.04636734]
  [ 0.80278556  0.59570279 -0.02595277]]

 [[-0.03480806  0.56433825  0.82480952]
  [-0.58803784  0.65575885 -0.47348902]
  [-0.8080841  -0.50150044  0.30902656]]

 [[ 0.          0.          1.        ]
  [-1.          0.          0.        ]
  [ 0.         -1.          0.        ]]

 [[ 0.50645827  0.25050674  0.82507357]
  [ 0.42910948 -0.90318766  0.01082152]
  [ 0.74790713  0.34856624 -0.56492168]]

 [[-0.00986929  0.56790072  0.82303789]
  [ 0.44159032  0.74094593 -0.50596157]
  [-0.89716252  0.35845208 -0.25809207]]

 [[ 0.01614689 -0.02629234  0.99952388]
  [-0.45463605 -0.89053212 -0.01608087]
  [ 0.89053093 -0.45415994 -0.02633278]]

 [[-0.5         0.309017    0.809017  ]
  [-0.309017    0.809017   -0.5       ]
  [-0.809017   -0.5        -0.309017  ]]

 [[ 0.39317208 -0.35664251  0.8474797 ]
  [-0.72569659 -0.68634973  0.04783849]
  [ 0.56460621 -0.63382189 -0.5286678 ]]

 [[ 0.4900492   0.71914651  0.4926257 ]
  [ 0.86721329 -0.3449793  -0.3590688 ]
  [-0.0882774   0.60317292 -0.79271025]]

 [[-0.48944411 -0.32619387  0.80872865]
  [-0.86901838  0.10537972 -0.48342754]
  [ 0.0724675  -0.93941082 -0.33504596]]

 [[-0.309017    0.809017    0.5       ]
  [ 0.809017    0.5        -0.309017  ]
  [-0.5         0.309017   -0.809017  ]]

 [[-0.21923832 -0.43584299  0.87291206]
  [-0.87761465  0.47900021  0.01874429]
  [-0.42629463 -0.76197094 -0.48751738]]

 [[ 0.857344    0.22292142  0.46396909]
  [ 0.09437696 -0.95415488  0.28404485]
  [ 0.50601806 -0.19973616 -0.83907759]]

 [[-0.85287148  0.07908737  0.51609634]
  [-0.08244683  0.95566038 -0.28269378]
  [-0.51557034 -0.28365197 -0.80853497]]

 [[ 0.309017    0.809017    0.5       ]
  [ 0.809017   -0.5         0.309017  ]
  [ 0.5         0.309017   -0.809017  ]]

 [[-0.48444257  0.1223577   0.86622399]
  [ 0.18330091  0.98238813 -0.03625388]
  [-0.85540411  0.14121672 -0.4983389 ]]

 [[ 0.58442617 -0.23500836  0.77667055]
  [-0.80888512 -0.24472084  0.53461817]
  [ 0.06442774 -0.94068209 -0.33311602]]

 [[-0.57189094  0.6294665   0.52603487]
  [ 0.81806343  0.48525088  0.30871318]
  [-0.06093428  0.60688016 -0.7924541 ]]

 [[ 0.5         0.309017    0.809017  ]
  [-0.309017   -0.809017    0.5       ]
  [ 0.809017   -0.5        -0.309017  ]]

 [[-0.03593741  0.54654515  0.83665818]
  [ 0.99090084  0.12814905 -0.04115043]
  [-0.12970752  0.82756645 -0.54617739]]

 [[ 0.04845888 -0.02179942  0.99858727]
  [-0.59429546  0.80290908  0.04636734]
  [-0.80278556 -0.59570279  0.02595277]]

 [[-0.03480806  0.56433825  0.82480952]
  [ 0.58803784 -0.65575885  0.47348902]
  [ 0.8080841   0.50150044 -0.30902656]]

 [[ 0.          0.         -1.        ]
  [-1.          0.          0.        ]
  [ 0.          1.          0.        ]]

 [[-0.50645827 -0.25050674 -0.82507357]
  [ 0.42910948 -0.90318766  0.01082152]
  [-0.74790713 -0.34856624  0.56492168]]

 [[ 0.00986929 -0.56790072 -0.82303789]
  [ 0.44159032  0.74094593 -0.50596157]
  [ 0.89716252 -0.35845208  0.25809207]]

 [[-0.01614689  0.02629234 -0.99952388]
  [-0.45463605 -0.89053212 -0.01608087]
  [-0.89053093  0.45415994  0.02633278]]

 [[ 0.5        -0.309017   -0.809017  ]
  [-0.309017    0.809017   -0.5       ]
  [ 0.809017    0.5         0.309017  ]]

 [[-0.39317208  0.35664251 -0.8474797 ]
  [-0.72569659 -0.68634973  0.04783849]
  [-0.56460621  0.63382189  0.5286678 ]]

 [[-0.4900492  -0.71914651 -0.4926257 ]
  [ 0.86721329 -0.3449793  -0.3590688 ]
  [ 0.0882774  -0.60317292  0.79271025]]

 [[ 0.48944411  0.32619387 -0.80872865]
  [-0.86901838  0.10537972 -0.48342754]
  [-0.0724675   0.93941082  0.33504596]]

 [[ 0.309017   -0.809017   -0.5       ]
  [ 0.809017    0.5        -0.309017  ]
  [ 0.5        -0.309017    0.809017  ]]

 [[ 0.21923832  0.43584299 -0.87291206]
  [-0.87761465  0.47900021  0.01874429]
  [ 0.42629463  0.76197094  0.48751738]]

 [[-0.857344   -0.22292142 -0.46396909]
  [ 0.09437696 -0.95415488  0.28404485]
  [-0.50601806  0.19973616  0.83907759]]

 [[ 0.85287148 -0.07908737 -0.51609634]
  [-0.08244683  0.95566038 -0.28269378]
  [ 0.51557034  0.28365197  0.80853497]]

 [[-0.309017   -0.809017   -0.5       ]
  [ 0.809017   -0.5         0.309017  ]
  [-0.5        -0.309017    0.809017  ]]

 [[ 0.48444257 -0.1223577  -0.86622399]
  [ 0.18330091  0.98238813 -0.03625388]
  [ 0.85540411 -0.14121672  0.4983389 ]]

 [[-0.58442617  0.23500836 -0.77667055]
  [-0.80888512 -0.24472084  0.53461817]
  [-0.06442774  0.94068209  0.33311602]]

 [[ 0.57189094 -0.6294665  -0.52603487]
  [ 0.81806343  0.48525088  0.30871318]
  [ 0.06093428 -0.60688016  0.7924541 ]]

 [[-0.5        -0.309017   -0.809017  ]
  [-0.309017   -0.809017    0.5       ]
  [-0.809017    0.5         0.309017  ]]

 [[ 0.03593741 -0.54654515 -0.83665818]
  [ 0.99090084  0.12814905 -0.04115043]
  [ 0.12970752 -0.82756645  0.54617739]]

 [[-0.04845888  0.02179942 -0.99858727]
  [-0.59429546  0.80290908  0.04636734]
  [ 0.80278556  0.59570279 -0.02595277]]

 [[ 0.03480806 -0.56433825 -0.82480952]
  [ 0.58803784 -0.65575885  0.47348902]
  [-0.8080841  -0.50150044  0.30902656]]

 [[ 0.          0.         -1.        ]
  [ 1.          0.          0.        ]
  [ 0.         -1.          0.        ]]

 [[-0.50645827 -0.25050674 -0.82507357]
  [-0.42910948  0.90318766 -0.01082152]
  [ 0.74790713  0.34856624 -0.56492168]]

 [[ 0.00986929 -0.56790072 -0.82303789]
  [-0.44159032 -0.74094593  0.50596157]
  [-0.89716252  0.35845208 -0.25809207]]

 [[-0.01614689  0.02629234 -0.99952388]
  [ 0.45463605  0.89053212  0.01608087]
  [ 0.89053093 -0.45415994 -0.02633278]]

 [[ 0.5        -0.309017   -0.809017  ]
  [ 0.309017   -0.809017    0.5       ]
  [-0.809017   -0.5        -0.309017  ]]

 [[-0.39317208  0.35664251 -0.8474797 ]
  [ 0.72569659  0.68634973 -0.04783849]
  [ 0.56460621 -0.63382189 -0.5286678 ]]

 [[-0.4900492  -0.71914651 -0.4926257 ]
  [-0.86721329  0.3449793   0.3590688 ]
  [-0.0882774   0.60317292 -0.79271025]]

 [[ 0.48944411  0.32619387 -0.80872865]
  [ 0.86901838 -0.10537972  0.48342754]
  [ 0.0724675  -0.93941082 -0.33504596]]

 [[ 0.309017   -0.809017   -0.5       ]
  [-0.809017   -0.5         0.309017  ]
  [-0.5         0.309017   -0.809017  ]]

 [[ 0.21923832  0.43584299 -0.87291206]
  [ 0.87761465 -0.47900021 -0.01874429]
  [-0.42629463 -0.76197094 -0.48751738]]

 [[-0.857344   -0.22292142 -0.46396909]
  [-0.09437696  0.95415488 -0.28404485]
  [ 0.50601806 -0.19973616 -0.83907759]]

 [[ 0.85287148 -0.07908737 -0.51609634]
  [ 0.08244683 -0.95566038  0.28269378]
  [-0.51557034 -0.28365197 -0.80853497]]

 [[-0.309017   -0.809017   -0.5       ]
  [-0.809017    0.5        -0.309017  ]
  [ 0.5         0.309017   -0.809017  ]]

 [[ 0.48444257 -0.1223577  -0.86622399]
  [-0.18330091 -0.98238813  0.03625388]
  [-0.85540411  0.14121672 -0.4983389 ]]

 [[-0.58442617  0.23500836 -0.77667055]
  [ 0.80888512  0.24472084 -0.53461817]
  [ 0.06442774 -0.94068209 -0.33311602]]

 [[ 0.57189094 -0.6294665  -0.52603487]
  [-0.81806343 -0.48525088 -0.30871318]
  [-0.06093428  0.60688016 -0.7924541 ]]

 [[-0.5        -0.309017   -0.809017  ]
  [ 0.309017    0.809017   -0.5       ]
  [ 0.809017   -0.5        -0.309017  ]]

 [[ 0.03593741 -0.54654515 -0.83665818]
  [-0.99090084 -0.12814905  0.04115043]
  [-0.12970752  0.82756645 -0.54617739]]

 [[-0.04845888  0.02179942 -0.99858727]
  [ 0.59429546 -0.80290908 -0.04636734]
  [-0.80278556 -0.59570279  0.02595277]]

 [[ 0.03480806 -0.56433825 -0.82480952]
  [-0.58803784  0.65575885 -0.47348902]
  [ 0.8080841   0.50150044 -0.30902656]]

 [[ 0.          1.          0.        ]
  [ 0.          0.          1.        ]
  [ 1.          0.          0.        ]]

 [[-0.74790713 -0.34856624  0.56492168]
  [ 0.50645827  0.25050674  0.82507357]
  [-0.42910948  0.90318766 -0.01082152]]

 [[ 0.89716252 -0.35845208  0.25809207]
  [-0.00986929  0.56790072  0.82303789]
  [-0.44159032 -0.74094593  0.50596157]]

 [[-0.89053093  0.45415994  0.02633278]
  [ 0.01614689 -0.02629234  0.99952388]
  [ 0.45463605  0.89053212  0.01608087]]

 [[ 0.809017    0.5         0.309017  ]
  [-0.5         0.309017    0.809017  ]
  [ 0.309017   -0.809017    0.5       ]]

 [[-0.56460621  0.63382189  0.5286678 ]
  [ 0.39317208 -0.35664251  0.8474797 ]
  [ 0.72569659  0.68634973 -0.04783849]]

 [[ 0.0882774  -0.60317292  0.79271025]
  [ 0.4900492   0.71914651  0.4926257 ]
  [-0.86721329  0.3449793   0.3590688 ]]

 [[-0.0724675   0.93941082  0.33504596]
  [-0.48944411 -0.32619387  0.80872865]
  [ 0.86901838 -0.10537972  0.48342754]]

 [[ 0.5        -0.309017    0.809017  ]
  [-0.309017    0.809017    0.5       ]
  [-0.809017   -0.5         0.309017  ]]

 [[ 0.42629463  0.76197094  0.48751738]
  [-0.21923832 -0.43584299  0.87291206]
  [ 0.87761465 -0.47900021 -0.01874429]]

 [[-0.50601806  0.19973616  0.83907759]
  [ 0.857344    0.22292142  0.46396909]
  [-0.09437696  0.95415488 -0.28404485]]

 [[ 0.51557034  0.28365197  0.80853497]
  [-0.85287148  0.07908737  0.51609634]
  [ 0.08244683 -0.95566038  0.28269378]]

 [[-0.5        -0.309017    0.809017  ]
  [ 0.309017    0.809017    0.5       ]
  [-0.809017    0.5        -0.309017  ]]

 [[ 0.85540411 -0.14121672  0.4983389 ]
  [-0.48444257  0.1223577   0.86622399]
  [-0.18330091 -0.98238813  0.03625388]]

 [[-0.06442774  0.94068209  0.33311602]
  [ 0.58442617 -0.23500836  0.77667055]
  [ 0.80888512  0.24472084 -0.53461817]]

 [[ 0.06093428 -0.60688016  0.7924541 ]
  [-0.57189094  0.6294665   0.52603487]
  [-0.81806343 -0.48525088 -0.30871318]]

 [[-0.809017    0.5         0.309017  ]
  [ 0.5         0.309017    0.809017  ]
  [ 0.309017    0.809017   -0.5       ]]

 [[ 0.12970752 -0.82756645  0.54617739]
  [-0.03593741  0.54654515  0.83665818]
  [-0.99090084 -0.12814905  0.04115043]]

 [[ 0.80278556  0.59570279 -0.02595277]
  [ 0.04845888 -0.02179942  0.99858727]
  [ 0.59429546 -0.80290908 -0.04636734]]

 [[-0.8080841  -0.50150044  0.30902656]
  [-0.03480806  0.56433825  0.82480952]
  [-0.58803784  0.65575885 -0.47348902]]

 [[ 0.         -1.          0.        ]
  [ 0.          0.          1.        ]
  [-1.          0.          0.        ]]

 [[ 0.74790713  0.34856624 -0.56492168]
  [ 0.50645827  0.25050674  0.82507357]
  [ 0.42910948 -0.90318766  0.01082152]]

 [[-0.89716252  0.35845208 -0.25809207]
  [-0.00986929  0.56790072  0.82303789]
  [ 0.44159032  0.74094593 -0.50596157]]

 [[ 0.89053093 -0.45415994 -0.02633278]
  [ 0.01614689 -0.02629234  0.99952388]
  [-0.45463605 -0.89053212 -0.01608087]]

 [[-0.809017   -0.5        -0.309017  ]
  [-0.5         0.309017    0.809017  ]
  [-0.309017    0.809017   -0.5       ]]

 [[ 0.56460621 -0.63382189 -0.5286678 ]
  [ 0.39317208 -0.35664251  0.8474797 ]
  [-0.72569659 -0.68634973  0.04783849]]

 [[-0.0882774   0.60317292 -0.79271025]
  [ 0.4900492   0.71914651  0.4926257 ]
  [ 0.86721329 -0.3449793  -0.3590688 ]]

 [[ 0.0724675  -0.93941082 -0.33504596]
  [-0.48944411 -0.32619387  0.80872865]
  [-0.86901838  0.10537972 -0.48342754]]

 [[-0.5         0.309017   -0.809017  ]
  [-0.309017    0.809017    0.5       ]
  [ 0.809017    0.5        -0.309017  ]]

 [[-0.42629463 -0.76197094 -0.48751738]
  [-0.21923832 -0.43584299  0.87291206]
  [-0.87761465  0.47900021  0.01874429]]

 [[ 0.50601806 -0.19973616 -0.83907759]
  [ 0.857344    0.22292142  0.46396909]
  [ 0.09437696 -0.95415488  0.28404485]]

 [[-0.51557034 -0.28365197 -0.80853497]
  [-0.85287148  0.07908737  0.51609634]
  [-0.08244683  0.95566038 -0.28269378]]

 [[ 0.5         0.309017   -0.809017  ]
  [ 0.309017    0.809017    0.5       ]
  [ 0.809017   -0.5         0.309017  ]]

 [[-0.85540411  0.14121672 -0.4983389 ]
  [-0.48444257  0.1223577   0.86622399]
  [ 0.18330091  0.98238813 -0.03625388]]

 [[ 0.06442774 -0.94068209 -0.33311602]
  [ 0.58442617 -0.23500836  0.77667055]
  [-0.80888512 -0.24472084  0.53461817]]

 [[-0.06093428  0.60688016 -0.7924541 ]
  [-0.57189094  0.6294665   0.52603487]
  [ 0.81806343  0.48525088  0.30871318]]

 [[ 0.809017   -0.5        -0.309017  ]
  [ 0.5         0.309017    0.809017  ]
  [-0.309017   -0.809017    0.5       ]]

 [[-0.12970752  0.82756645 -0.54617739]
  [-0.03593741  0.54654515  0.83665818]
  [ 0.99090084  0.12814905 -0.04115043]]

 [[-0.80278556 -0.59570279  0.02595277]
  [ 0.04845888 -0.02179942  0.99858727]
  [-0.59429546  0.80290908  0.04636734]]

 [[ 0.8080841   0.50150044 -0.30902656]
  [-0.03480806  0.56433825  0.82480952]
  [ 0.58803784 -0.65575885  0.47348902]]

 [[ 0.          1.          0.        ]
  [ 0.          0.         -1.        ]
  [-1.          0.          0.        ]]

 [[-0.74790713 -0.34856624  0.56492168]
  [-0.50645827 -0.25050674 -0.82507357]
  [ 0.42910948 -0.90318766  0.01082152]]

 [[ 0.89716252 -0.35845208  0.25809207]
  [ 0.00986929 -0.56790072 -0.82303789]
  [ 0.44159032  0.74094593 -0.50596157]]

 [[-0.89053093  0.45415994  0.02633278]
  [-0.01614689  0.02629234 -0.99952388]
  [-0.45463605 -0.89053212 -0.01608087]]

 [[ 0.809017    0.5         0.309017  ]
  [ 0.5        -0.309017   -0.809017  ]
  [-0.309017    0.809017   -0.5       ]]

 [[-0.56460621  0.63382189  0.5286678 ]
  [-0.39317208  0.35664251 -0.8474797 ]
  [-0.72569659 -0.68634973  0.04783849]]

 [[ 0.0882774  -0.60317292  0.79271025]
  [-0.4900492  -0.71914651 -0.4926257 ]
  [ 0.86721329 -0.3449793  -0.3590688 ]]

 [[-0.0724675   0.93941082  0.33504596]
  [ 0.48944411  0.32619387 -0.80872865]
  [-0.86901838  0.10537972 -0.48342754]]

 [[ 0.5        -0.309017    0.809017  ]
  [ 0.309017   -0.809017   -0.5       ]
  [ 0.809017    0.5        -0.309017  ]]

 [[ 0.42629463  0.76197094  0.48751738]
  [ 0.21923832  0.43584299 -0.87291206]
  [-0.87761465  0.47900021  0.01874429]]

 [[-0.50601806  0.19973616  0.83907759]
  [-0.857344   -0.22292142 -0.46396909]
  [ 0.09437696 -0.95415488  0.28404485]]

 [[ 0.51557034  0.28365197  0.80853497]
  [ 0.85287148 -0.07908737 -0.51609634]
  [-0.08244683  0.95566038 -0.28269378]]

 [[-0.5        -0.309017    0.809017  ]
  [-0.309017   -0.809017   -0.5       ]
  [ 0.809017   -0.5         0.309017  ]]

 [[ 0.85540411 -0.14121672  0.4983389 ]
  [ 0.48444257 -0.1223577  -0.86622399]
  [ 0.18330091  0.98238813 -0.03625388]]

 [[-0.06442774  0.94068209  0.33311602]
  [-0.58442617  0.23500836 -0.77667055]
  [-0.80888512 -0.24472084  0.53461817]]

 [[ 0.06093428 -0.60688016  0.7924541 ]
  [ 0.57189094 -0.6294665  -0.52603487]
  [ 0.81806343  0.48525088  0.30871318]]

 [[-0.809017    0.5         0.309017  ]
  [-0.5        -0.309017   -0.809017  ]
  [-0.309017   -0.809017    0.5       ]]

 [[ 0.12970752 -0.82756645  0.54617739]
  [ 0.03593741 -0.54654515 -0.83665818]
  [ 0.99090084  0.12814905 -0.04115043]]

 [[ 0.80278556  0.59570279 -0.02595277]
  [-0.04845888  0.02179942 -0.99858727]
  [-0.59429546  0.80290908  0.04636734]]

 [[-0.8080841  -0.50150044  0.30902656]
  [ 0.03480806 -0.56433825 -0.82480952]
  [ 0.58803784 -0.65575885  0.47348902]]

 [[ 0.         -1.          0.        ]
  [ 0.          0.         -1.        ]
  [ 1.          0.          0.        ]]

 [[ 0.74790713  0.34856624 -0.56492168]
  [-0.50645827 -0.25050674 -0.82507357]
  [-0.42910948  0.90318766 -0.01082152]]

 [[-0.89716252  0.35845208 -0.25809207]
  [ 0.00986929 -0.56790072 -0.82303789]
  [-0.44159032 -0.74094593  0.50596157]]

 [[ 0.89053093 -0.45415994 -0.02633278]
  [-0.01614689  0.02629234 -0.99952388]
  [ 0.45463605  0.89053212  0.01608087]]

 [[-0.809017   -0.5        -0.309017  ]
  [ 0.5        -0.309017   -0.809017  ]
  [ 0.309017   -0.809017    0.5       ]]

 [[ 0.56460621 -0.63382189 -0.5286678 ]
  [-0.39317208  0.35664251 -0.8474797 ]
  [ 0.72569659  0.68634973 -0.04783849]]

 [[-0.0882774   0.60317292 -0.79271025]
  [-0.4900492  -0.71914651 -0.4926257 ]
  [-0.86721329  0.3449793   0.3590688 ]]

 [[ 0.0724675  -0.93941082 -0.33504596]
  [ 0.48944411  0.32619387 -0.80872865]
  [ 0.86901838 -0.10537972  0.48342754]]

 [[-0.5         0.309017   -0.809017  ]
  [ 0.309017   -0.809017   -0.5       ]
  [-0.809017   -0.5         0.309017  ]]

 [[-0.42629463 -0.76197094 -0.48751738]
  [ 0.21923832  0.43584299 -0.87291206]
  [ 0.87761465 -0.47900021 -0.01874429]]

 [[ 0.50601806 -0.19973616 -0.83907759]
  [-0.857344   -0.22292142 -0.46396909]
  [-0.09437696  0.95415488 -0.28404485]]

 [[-0.51557034 -0.28365197 -0.80853497]
  [ 0.85287148 -0.07908737 -0.51609634]
  [ 0.08244683 -0.95566038  0.28269378]]

 [[ 0.5         0.309017   -0.809017  ]
  [-0.309017   -0.809017   -0.5       ]
  [-0.809017    0.5        -0.309017  ]]

 [[-0.85540411  0.14121672 -0.4983389 ]
  [ 0.48444257 -0.1223577  -0.86622399]
  [-0.18330091 -0.98238813  0.03625388]]

 [[ 0.06442774 -0.94068209 -0.33311602]
  [-0.58442617  0.23500836 -0.77667055]
  [ 0.80888512  0.24472084 -0.53461817]]

 [[-0.06093428  0.60688016 -0.7924541 ]
  [ 0.57189094 -0.6294665  -0.52603487]
  [-0.81806343 -0.48525088 -0.30871318]]

 [[ 0.809017   -0.5        -0.309017  ]
  [-0.5        -0.309017   -0.809017  ]
  [ 0.309017    0.809017   -0.5       ]]

 [[-0.12970752  0.82756645 -0.54617739]
  [ 0.03593741 -0.54654515 -0.83665818]
  [-0.99090084 -0.12814905  0.04115043]]

 [[-0.80278556 -0.59570279  0.02595277]
  [-0.04845888  0.02179942 -0.99858727]
  [ 0.59429546 -0.80290908 -0.04636734]]

 [[ 0.8080841   0.50150044 -0.30902656]
  [ 0.03480806 -0.56433825 -0.82480952]
  [-0.58803784  0.65575885 -0.47348902]]]