[[[ 1.          0.          0.        ]
  [ 0.          1.          0.        ]
  [ 0.          0.          1.        ]]

 [[ 0.71829912  0.4944293  -0.48947526]
  [ 0.2632946   0.4580311   0.84904857]
  [ 0.64398938 -0.73874704  0.19882277]]

 [[ 0.39084886  0.90475675 -0.16927018]
  [ 0.77475476 -0.22407751  0.59122275]
  [ 0.49698313 -0.36222162 -0.78854503]]

 [[ 0.42196596  0.7052013   0.56976824]
  [ 0.85993326 -0.1122677  -0.49790637]
  [-0.28715765  0.7000622  -0.6537992 ]]

 [[ 0.81199972  0.17111725  0.55801017]
  [ 0.3457616   0.6292089  -0.69609272]
  [-0.47021844  0.75816558  0.45175168]]

 [[ 0.80003286 -0.31896785  0.50814066]
  [ 0.46114516  0.86872428 -0.1807298 ]
  [-0.38378713  0.37891639  0.84209846]]

 [[ 0.5         0.309017    0.809017  ]
  [ 0.309017    0.809017   -0.5       ]
  [-0.809017    0.5         0.309017  ]]

 [[ 0.96151043 -0.20890486  0.17848381]
  [ 0.11298175  0.89271552  0.43622716]
  [-0.25046524 -0.39927155  0.88195771]]

 [[ 0.83690462  0.09009117 -0.53988355]
  [ 0.49907715  0.27941351  0.82027441]
  [ 0.22475024 -0.95593498  0.18888001]]

 [[ 0.24440155  0.88427025 -0.39791208]
  [ 0.96967411 -0.22293839  0.10015295]
  [-0.00014761 -0.41032257 -0.91194045]]

 [[ 0.13243136  0.89336371  0.42937539]
  [ 0.76575795  0.18283605 -0.61659205]
  [-0.62934627  0.41045374 -0.65988712]]

 [[ 0.23202781  0.41551644  0.87949371]
  [ 0.81219159  0.41478803 -0.41023861]
  [-0.53526436  0.80950416 -0.24123659]]

 [[-0.309017    0.809017    0.5       ]
  [ 0.809017    0.5        -0.309017  ]
  [-0.5         0.309017   -0.809017  ]]

 [[ 0.31303785 -0.15160563  0.93756229]
  [ 0.51375983  0.85730265 -0.03290914]
  [-0.79878541  0.49198365  0.34625707]]

 [[ 0.75450239 -0.64197854  0.1363441 ]
  [ 0.55000452  0.73185747  0.40234274]
  [-0.35807984 -0.22857869  0.90527931]]

 [[ 0.42172714  0.04128543 -0.90578239]
  [ 0.86008086  0.29805487  0.41403407]
  [ 0.28706644 -0.9536555   0.09018901]]

 [[-0.20630392  0.83524535 -0.50970963]
  [ 0.97510786  0.21875516 -0.03620559]
  [ 0.08126106 -0.50449122 -0.85958436]]

 [[-0.06604305  0.9908374   0.11781164]
  [ 0.99640951  0.05922012  0.06050679]
  [ 0.05297558  0.1213847  -0.99119088]]

 [[-0.309017    0.809017   -0.5       ]
  [ 0.809017    0.5         0.309017  ]
  [ 0.5        -0.309017   -0.809017  ]]

 [[-0.33095153  0.5871414   0.73873952]
  [ 0.91176717  0.40073186  0.08997009]
  [-0.2432113   0.70333417 -0.66795908]]

 [[ 0.25751926 -0.27975692  0.92488913]
  [ 0.85715699  0.5079922  -0.0850049 ]
  [-0.44605576  0.81466558  0.37061337]]

 [[ 0.70888479 -0.65877677 -0.25198319]
  [ 0.68260767  0.73071711  0.00996394]
  [ 0.17756441 -0.17906894  0.96768032]]

 [[ 0.26391451  0.07707977 -0.96146131]
  [ 0.68449688  0.68732727  0.2429923 ]
  [ 0.67956836 -0.72224646  0.12863478]]

 [[ 0.31774408  0.61192101 -0.72428681]
  [ 0.75921602  0.29340333  0.58095227]
  [ 0.56800505 -0.7344843  -0.37135306]]

 [[ 0.5         0.309017   -0.809017  ]
  [ 0.309017    0.809017    0.5       ]
  [ 0.809017   -0.5         0.309017  ]]

 [[-0.08048629  0.98641296 -0.14321819]
  [ 0.75697114  0.15396848  0.63504993]
  [ 0.64847257 -0.05729923 -0.75907848]]

 [[ 0.03276902  0.67617806  0.73600913]
  [ 0.99606028 -0.08280811  0.03172937]
  [ 0.08240223  0.7320697  -0.67622765]]

 [[ 0.7090324  -0.2484542   0.65995725]
  [ 0.68251645  0.47712381 -0.55364625]
  [-0.17732559  0.84298481  0.50787031]]

 [[ 0.89326078 -0.33337397 -0.30157419]
  [ 0.29553951  0.94100163 -0.16484037]
  [ 0.33873528  0.05811836  0.93908502]]

 [[ 0.85300844 -0.19758315 -0.48305022]
  [ 0.42840446  0.79370442  0.43185985]
  [ 0.29807086 -0.57532095  0.76168207]]

 [[ 0.309017    0.809017    0.5       ]
  [ 0.809017   -0.5         0.309017  ]
  [ 0.5         0.309017   -0.809017  ]]

 [[ 0.75697114  0.15396848  0.63504993]
  [ 0.64847257 -0.05729923 -0.75907848]
  [-0.08048629  0.98641296 -0.14321819]]

 [[ 0.99606028 -0.08280811  0.03172937]
  [ 0.08240223  0.7320697  -0.67622765]
  [ 0.03276902  0.67617806  0.73600913]]

 [[ 0.68251645  0.47712381 -0.55364625]
  [-0.17732559  0.84298481  0.50787031]
  [ 0.7090324  -0.2484542   0.65995725]]

 [[ 0.29553951  0.94100163 -0.16484037]
  [ 0.33873528  0.05811836  0.93908502]
  [ 0.89326078 -0.33337397 -0.30157419]]

 [[ 0.42840446  0.79370442  0.43185985]
  [ 0.29807086 -0.57532095  0.76168207]
  [ 0.85300844 -0.19758315 -0.48305022]]

 [[ 0.          1.          0.        ]
  [ 0.          0.          1.        ]
  [ 1.          0.          0.        ]]

 [[ 0.2632946   0.4580311   0.84904857]
  [ 0.64398938 -0.73874704  0.19882277]
  [ 0.71829912  0.4944293  -0.48947526]]

 [[ 0.77475476 -0.22407751  0.59122275]
  [ 0.49698313 -0.36222162 -0.78854503]
  [ 0.39084886  0.90475675 -0.16927018]]

 [[ 0.85993326 -0.1122677  -0.49790637]
  [-0.28715765  0.7000622  -0.6537992 ]
  [ 0.42196596  0.7052013   0.56976824]]

 [[ 0.3457616   0.6292089  -0.69609272]
  [-0.47021844  0.75816558  0.45175168]
  [ 0.81199972  0.17111725  0.55801017]]

 [[ 0.46114516  0.86872428 -0.1807298 ]
  [-0.38378713  0.37891639  0.84209846]
  [ 0.80003286 -0.31896785  0.50814066]]

 [[ 0.309017    0.809017   -0.5       ]
  [-0.809017    0.5         0.309017  ]
  [ 0.5         0.309017    0.809017  ]]

 [[ 0.11298175  0.89271552  0.43622716]
  [-0.25046524 -0.39927155  0.88195771]
  [ 0.96151043 -0.20890486  0.17848381]]

 [[ 0.49907715  0.27941351  0.82027441]
  [ 0.22475024 -0.95593498  0.18888001]
  [ 0.83690462  0.09009117 -0.53988355]]

 [[ 0.96967411 -0.22293839  0.10015295]
  [-0.00014761 -0.41032257 -0.91194045]
  [ 0.24440155  0.88427025 -0.39791208]]

 [[ 0.76575795  0.18283605 -0.61659205]
  [-0.62934627  0.41045374 -0.65988712]
  [ 0.13243136  0.89336371  0.42937539]]

 [[ 0.81219159  0.41478803 -0.41023861]
  [-0.53526436  0.80950416 -0.24123659]
  [ 0.23202781  0.41551644  0.87949371]]

 [[ 0.809017    0.5        -0.309017  ]
  [-0.5         0.309017   -0.809017  ]
  [-0.309017    0.809017    0.5       ]]

 [[ 0.51375983  0.85730265 -0.03290914]
  [-0.79878541  0.49198365  0.34625707]
  [ 0.31303785 -0.15160563  0.93756229]]

 [[ 0.55000452  0.73185747  0.40234274]
  [-0.35807984 -0.22857869  0.90527931]
  [ 0.75450239 -0.64197854  0.1363441 ]]

 [[ 0.86008086  0.29805487  0.41403407]
  [ 0.28706644 -0.9536555   0.09018901]
  [ 0.42172714  0.04128543 -0.90578239]]

 [[ 0.97510786  0.21875516 -0.03620559]
  [ 0.08126106 -0.50449122 -0.85958436]
  [-0.20630392  0.83524535 -0.50970963]]

 [[ 0.99640951  0.05922012  0.06050679]
  [ 0.05297558  0.1213847  -0.99119088]
  [-0.06604305  0.9908374   0.11781164]]

 [[ 0.809017    0.5         0.309017  ]
  [ 0.5        -0.309017   -0.809017  ]
  [-0.309017    0.809017   -0.5       ]]

 [[ 0.91176717  0.40073186  0.08997009]
  [-0.2432113   0.70333417 -0.66795908]
  [-0.33095153  0.5871414   0.73873952]]

 [[ 0.85715699  0.5079922  -0.0850049 ]
  [-0.44605576  0.81466558  0.37061337]
  [ 0.25751926 -0.27975692  0.92488913]]

 [[ 0.68260767  0.73071711  0.00996394]
  [ 0.17756441 -0.17906894  0.96768032]
  [ 0.70888479 -0.65877677 -0.25198319]]

 [[ 0.68449688  0.68732727  0.2429923 ]
  [ 0.67956836 -0.72224646  0.12863478]
  [ 0.26391451  0.07707977 -0.96146131]]

 [[ 0.75921602  0.29340333  0.58095227]
  [ 0.56800505 -0.7344843  -0.37135306]
  [ 0.31774408  0.61192101 -0.72428681]]

 [[-0.809017   -0.5         0.309017  ]
  [-0.5         0.309017   -0.809017  ]
  [ 0.309017   -0.809017   -0.5       ]]

 [[-0.51375983 -0.85730265  0.03290914]
  [-0.79878541  0.49198365  0.34625707]
  [-0.31303785  0.15160563 -0.93756229]]

 [[-0.55000452 -0.73185747 -0.40234274]
  [-0.35807984 -0.22857869  0.90527931]
  [-0.75450239  0.64197854 -0.1363441 ]]

 [[-0.86008086 -0.29805487 -0.41403407]
  [ 0.28706644 -0.9536555   0.09018901]
  [-0.42172714 -0.04128543  0.90578239]]

 [[-0.97510786 -0.21875516  0.03620559]
  [ 0.08126106 -0.50449122 -0.85958436]
  [ 0.20630392 -0.83524535  0.50970963]]

 [[-0.99640951 -0.05922012 -0.06050679]
  [ 0.05297558  0.1213847  -0.99119088]
  [ 0.06604305 -0.9908374  -0.11781164]]

 [[-0.809017   -0.5        -0.309017  ]
  [ 0.5        -0.309017   -0.809017  ]
  [ 0.309017   -0.809017    0.5       ]]

 [[-0.91176717 -0.40073186 -0.08997009]
  [-0.2432113   0.70333417 -0.66795908]
  [ 0.33095153 -0.5871414  -0.73873952]]

 [[-0.85715699 -0.5079922   0.0850049 ]
  [-0.44605576  0.81466558  0.37061337]
  [-0.25751926  0.27975692 -0.92488913]]

 [[-0.68260767 -0.73071711 -0.00996394]
  [ 0.17756441 -0.17906894  0.96768032]
  [-0.70888479  0.65877677  0.25198319]]

 [[-0.68449688 -0.68732727 -0.2429923 ]
  [ 0.67956836 -0.72224646  0.12863478]
  [-0.26391451 -0.07707977  0.96146131]]

 [[-0.75921602 -0.29340333 -0.58095227]
  [ 0.56800505 -0.7344843  -0.37135306]
  [-0.31774408 -0.61192101  0.72428681]]

 [[-0.309017   -0.809017   -0.5       ]
  [ 0.809017   -0.5         0.309017  ]
  [-0.5        -0.309017    0.809017  ]]

 [[-0.75697114 -0.15396848 -0.63504993]
  [ 0.64847257 -0.05729923 -0.75907848]
  [ 0.08048629 -0.98641296  0.14321819]]

 [[-0.99606028  0.08280811 -0.03172937]
  [ 0.08240223  0.7320697  -0.67622765]
  [-0.03276902 -0.67617806 -0.73600913]]

 [[-0.68251645 -0.47712381  0.55364625]
  [-0.17732559  0.84298481  0.50787031]
  [-0.7090324   0.2484542  -0.65995725]]

 [[-0.29553951 -0.94100163  0.16484037]
  [ 0.33873528  0.05811836  0.93908502]
  [-0.89326078  0.33337397  0.30157419]]

 [[-0.42840446 -0.79370442 -0.43185985]
  [ 0.29807086 -0.57532095  0.76168207]
  [-0.85300844  0.19758315  0.48305022]]

 [[ 0.         -1.          0.        ]
  [ 0.          0.          1.        ]
  [-1.          0.          0.        ]]

 [[-0.2632946  -0.4580311  -0.84904857]
  [ 0.64398938 -0.73874704  0.19882277]
  [-0.71829912 -0.4944293   0.48947526]]

 [[-0.77475476  0.22407751 -0.59122275]
  [ 0.49698313 -0.36222162 -0.78854503]
  [-0.39084886 -0.90475675  0.16927018]]

 [[-0.85993326  0.1122677   0.49790637]
  [-0.28715765  0.7000622  -0.6537992 ]
  [-0.42196596 -0.7052013  -0.56976824]]

 [[-0.3457616  -0.6292089   0.69609272]
  [-0.47021844  0.75816558  0.45175168]
  [-0.81199972 -0.17111725 -0.55801017]]

 [[-0.46114516 -0.86872428  0.1807298 ]
  [-0.38378713  0.37891639  0.84209846]
  [-0.80003286  0.31896785 -0.50814066]]

 [[-0.309017   -0.809017    0.5       ]
  [-0.809017    0.5         0.309017  ]
  [-0.5        -0.309017   -0.809017  ]]

 [[-0.11298175 -0.89271552 -0.43622716]
  [-0.25046524 -0.39927155  0.88195771]
  [-0.96151043  0.20890486 -0.17848381]]

 [[-0.49907715 -0.27941351 -0.82027441]
  [ 0.22475024 -0.95593498  0.18888001]
  [-0.83690462 -0.09009117  0.53988355]]

 [[-0.96967411  0.22293839 -0.10015295]
  [-0.00014761 -0.41032257 -0.91194045]
  [-0.24440155 -0.88427025  0.39791208]]

 [[-0.76575795 -0.18283605  0.61659205]
  [-0.62934627  0.41045374 -0.65988712]
  [-0.13243136 -0.89336371 -0.42937539]]

 [[-0.81219159 -0.41478803  0.41023861]
  [-0.53526436  0.80950416 -0.24123659]
  [-0.23202781 -0.41551644 -0.87949371]]

 [[-0.5        -0.309017   -0.809017  ]
  [-0.309017   -0.809017    0.5       ]
  [-0.809017    0.5         0.309017  ]]

 [[-0.96151043  0.20890486 -0.17848381]
  [-0.11298175 -0.89271552 -0.43622716]
  [-0.25046524 -0.39927155  0.88195771]]

 [[-0.83690462 -0.09009117  0.53988355]
  [-0.49907715 -0.27941351 -0.82027441]
  [ 0.22475024 -0.95593498  0.18888001]]

 [[-0.24440155 -0.88427025  0.39791208]
  [-0.96967411  0.22293839 -0.10015295]
  [-0.00014761 -0.41032257 -0.91194045]]

 [[-0.13243136 -0.89336371 -0.42937539]
  [-0.76575795 -0.18283605  0.61659205]
  [-0.62934627  0.41045374 -0.65988712]]

 [[-0.23202781 -0.41551644 -0.87949371]
  [-0.81219159 -0.41478803  0.41023861]
  [-0.53526436  0.80950416 -0.24123659]]

 [[ 0.309017   -0.809017   -0.5       ]
  [-0.809017   -0.5         0.309017  ]
  [-0.5         0.309017   -0.809017  ]]

 [[-0.31303785  0.15160563 -0.93756229]
  [-0.51375983 -0.85730265  0.03290914]
  [-0.79878541  0.49198365  0.34625707]]

 [[-0.75450239  0.64197854 -0.1363441 ]
  [-0.55000452 -0.73185747 -0.40234274]
  [-0.35807984 -0.22857869  0.90527931]]

 [[-0.42172714 -0.04128543  0.90578239]
  [-0.86008086 -0.29805487 -0.41403407]
  [ 0.28706644 -0.9536555   0.09018901]]

 [[ 0.20630392 -0.83524535  0.50970963]
  [-0.97510786 -0.21875516  0.03620559]
  [ 0.08126106 -0.50449122 -0.85958436]]

 [[ 0.06604305 -0.9908374  -0.11781164]
  [-0.99640951 -0.05922012 -0.06050679]
  [ 0.05297558  0.1213847  -0.99119088]]

 [[ 0.309017   -0.809017    0.5       ]
  [-0.809017   -0.5        -0.309017  ]
  [ 0.5        -0.309017   -0.809017  ]]

 [[ 0.33095153 -0.5871414  -0.73873952]
  [-0.91176717 -0.40073186 -0.08997009]
  [-0.2432113   0.70333417 -0.66795908]]

 [[-0.25751926  0.27975692 -0.92488913]
  [-0.85715699 -0.5079922   0.0850049 ]
  [-0.44605576  0.81466558  0.37061337]]

 [[-0.70888479  0.65877677  0.25198319]
  [-0.68260767 -0.73071711 -0.00996394]
  [ 0.17756441 -0.17906894  0.96768032]]

 [[-0.26391451 -0.07707977  0.96146131]
  [-0.68449688 -0.68732727 -0.2429923 ]
  [ 0.67956836 -0.72224646  0.12863478]]

 [[-0.31774408 -0.61192101  0.72428681]
  [-0.75921602 -0.29340333 -0.58095227]
  [ 0.56800505 -0.7344843  -0.37135306]]

 [[-0.5        -0.309017    0.809017  ]
  [-0.309017   -0.809017   -0.5       ]
  [ 0.809017   -0.5         0.309017  ]]

 [[ 0.08048629 -0.98641296  0.14321819]
  [-0.75697114 -0.15396848 -0.63504993]
  [ 0.64847257 -0.05729923 -0.75907848]]

 [[-0.03276902 -0.67617806 -0.73600913]
  [-0.99606028  0.08280811 -0.03172937]
  [ 0.08240223  0.7320697  -0.67622765]]

 [[-0.7090324   0.2484542  -0.65995725]
  [-0.68251645 -0.47712381  0.55364625]
  [-0.17732559  0.84298481  0.50787031]]

 [[-0.89326078  0.33337397  0.30157419]
  [-0.29553951 -0.94100163  0.16484037]
  [ 0.33873528  0.05811836  0.93908502]]

 [[-0.85300844  0.19758315  0.48305022]
  [-0.42840446 -0.79370442 -0.43185985]
  [ 0.29807086 -0.57532095  0.76168207]]

 [[-1.          0.          0.        ]
  [ 0.         -1.          0.        ]
  [ 0.          0.          1.        ]]

 [[-0.71829912 -0.4944293   0.48947526]
  [-0.2632946  -0.4580311  -0.84904857]
  [ 0.64398938 -0.73874704  0.19882277]]

 [[-0.39084886 -0.90475675  0.16927018]
  [-0.77475476  0.22407751 -0.59122275]
  [ 0.49698313 -0.36222162 -0.78854503]]

 [[-0.42196596 -0.7052013  -0.56976824]
  [-0.85993326  0.1122677   0.49790637]
  [-0.28715765  0.7000622  -0.6537992 ]]

 [[-0.81199972 -0.17111725 -0.55801017]
  [-0.3457616  -0.6292089   0.69609272]
  [-0.47021844  0.75816558  0.45175168]]

 [[-0.80003286  0.31896785 -0.50814066]
  [-0.46114516 -0.86872428  0.1807298 ]
  [-0.38378713  0.37891639  0.84209846]]

 [[ 0.          1.          0.        ]
  [ 0.          0.         -1.        ]
  [-1.          0.          0.        ]]

 [[ 0.2632946   0.4580311   0.84904857]
  [-0.64398938  0.73874704 -0.19882277]
  [-0.71829912 -0.4944293   0.48947526]]

 [[ 0.77475476 -0.22407751  0.59122275]
  [-0.49698313  0.36222162  0.78854503]
  [-0.39084886 -0.90475675  0.16927018]]

 [[ 0.85993326 -0.1122677  -0.49790637]
  [ 0.28715765 -0.7000622   0.6537992 ]
  [-0.42196596 -0.7052013  -0.56976824]]

 [[ 0.3457616   0.6292089  -0.69609272]
  [ 0.47021844 -0.75816558 -0.45175168]
  [-0.81199972 -0.17111725 -0.55801017]]

 [[ 0.46114516  0.86872428 -0.1807298 ]
  [ 0.38378713 -0.37891639 -0.84209846]
  [-0.80003286  0.31896785 -0.50814066]]

 [[ 0.309017    0.809017   -0.5       ]
  [ 0.809017   -0.5        -0.309017  ]
  [-0.5        -0.309017   -0.809017  ]]

 [[ 0.11298175  0.89271552  0.43622716]
  [ 0.25046524  0.39927155 -0.88195771]
  [-0.96151043  0.20890486 -0.17848381]]

 [[ 0.49907715  0.27941351  0.82027441]
  [-0.22475024  0.95593498 -0.18888001]
  [-0.83690462 -0.09009117  0.53988355]]

 [[ 0.96967411 -0.22293839  0.10015295]
  [ 0.00014761  0.41032257  0.91194045]
  [-0.24440155 -0.88427025  0.39791208]]

 [[ 0.76575795  0.18283605 -0.61659205]
  [ 0.62934627 -0.41045374  0.65988712]
  [-0.13243136 -0.89336371 -0.42937539]]

 [[ 0.81219159  0.41478803 -0.41023861]
  [ 0.53526436 -0.80950416  0.24123659]
  [-0.23202781 -0.41551644 -0.87949371]]

 [[ 0.809017    0.5        -0.309017  ]
  [ 0.5        -0.309017    0.809017  ]
  [ 0.309017   -0.809017   -0.5       ]]

 [[ 0.51375983  0.85730265 -0.03290914]
  [ 0.79878541 -0.49198365 -0.34625707]
  [-0.31303785  0.15160563 -0.93756229]]

 [[ 0.55000452  0.73185747  0.40234274]
  [ 0.35807984  0.22857869 -0.90527931]
  [-0.75450239  0.64197854 -0.1363441 ]]

 [[ 0.86008086  0.29805487  0.41403407]
  [-0.28706644  0.9536555  -0.09018901]
  [-0.42172714 -0.04128543  0.90578239]]

 [[ 0.97510786  0.21875516 -0.03620559]
  [-0.08126106  0.50449122  0.85958436]
  [ 0.20630392 -0.83524535  0.50970963]]

 [[ 0.99640951  0.05922012  0.06050679]
  [-0.05297558 -0.1213847   0.99119088]
  [ 0.06604305 -0.9908374  -0.11781164]]

 [[ 0.809017    0.5         0.309017  ]
  [-0.5         0.309017    0.809017  ]
  [ 0.309017   -0.809017    0.5       ]]

 [[ 0.91176717  0.40073186  0.08997009]
  [ 0.2432113  -0.70333417  0.66795908]
  [ 0.33095153 -0.5871414  -0.73873952]]

 [[ 0.85715699  0.5079922  -0.0850049 ]
  [ 0.44605576 -0.81466558 -0.37061337]
  [-0.25751926  0.27975692 -0.92488913]]

 [[ 0.68260767  0.73071711  0.00996394]
  [-0.17756441  0.17906894 -0.96768032]
  [-0.70888479  0.65877677  0.25198319]]

 [[ 0.68449688  0.68732727  0.2429923 ]
  [-0.67956836  0.72224646 -0.12863478]
  [-0.26391451 -0.07707977  0.96146131]]

 [[ 0.75921602  0.29340333  0.58095227]
  [-0.56800505  0.7344843   0.37135306]
  [-0.31774408 -0.61192101  0.72428681]]

 [[ 0.309017    0.809017    0.5       ]
  [-0.809017    0.5        -0.309017  ]
  [-0.5        -0.309017    0.809017  ]]

 [[ 0.75697114  0.15396848  0.63504993]
  [-0.64847257  0.05729923  0.75907848]
  [ 0.08048629 -0.98641296  0.14321819]]

 [[ 0.99606028 -0.08280811  0.03172937]
  [-0.08240223 -0.7320697   0.67622765]
  [-0.03276902 -0.67617806 -0.73600913]]

 [[ 0.68251645  0.47712381 -0.55364625]
  [ 0.17732559 -0.84298481 -0.50787031]
  [-0.7090324   0.2484542  -0.65995725]]

 [[ 0.29553951  0.94100163 -0.16484037]
  [-0.33873528 -0.05811836 -0.93908502]
  [-0.89326078  0.33337397  0.30157419]]

 [[ 0.42840446  0.79370442  0.43185985]
  [-0.29807086  0.57532095 -0.76168207]
  [-0.85300844  0.19758315  0.48305022]]

 [[ 0.809017   -0.5         0.309017  ]
  [-0.5        -0.309017    0.809017  ]
  [-0.309017   -0.809017   -0.5       ]]

 [[ 0.64847257 -0.05729923 -0.75907848]
  [ 0.08048629 -0.98641296  0.14321819]
  [-0.75697114 -0.15396848 -0.63504993]]

 [[ 0.08240223  0.7320697  -0.67622765]
  [-0.03276902 -0.67617806 -0.73600913]
  [-0.99606028  0.08280811 -0.03172937]]

 [[-0.17732559  0.84298481  0.50787031]
  [-0.7090324   0.2484542  -0.65995725]
  [-0.68251645 -0.47712381  0.55364625]]

 [[ 0.33873528  0.05811836  0.93908502]
  [-0.89326078  0.33337397  0.30157419]
  [-0.29553951 -0.94100163  0.16484037]]

 [[ 0.29807086 -0.57532095  0.76168207]
  [-0.85300844  0.19758315  0.48305022]
  [-0.42840446 -0.79370442 -0.43185985]]

 [[ 0.          0.          1.        ]
  [-1.          0.          0.        ]
  [ 0.         -1.          0.        ]]

 [[ 0.64398938 -0.73874704  0.19882277]
  [-0.71829912 -0.4944293   0.48947526]
  [-0.2632946  -0.4580311  -0.84904857]]

 [[ 0.49698313 -0.36222162 -0.78854503]
  [-0.39084886 -0.90475675  0.16927018]
  [-0.77475476  0.22407751 -0.59122275]]

 [[-0.28715765  0.7000622  -0.6537992 ]
  [-0.42196596 -0.7052013  -0.56976824]
  [-0.85993326  0.1122677   0.49790637]]

 [[-0.47021844  0.75816558  0.45175168]
  [-0.81199972 -0.17111725 -0.55801017]
  [-0.3457616  -0.6292089   0.69609272]]

 [[-0.38378713  0.37891639  0.84209846]
  [-0.80003286  0.31896785 -0.50814066]
  [-0.46114516 -0.86872428  0.1807298 ]]

 [[-0.809017    0.5         0.309017  ]
  [-0.5        -0.309017   -0.809017  ]
  [-0.309017   -0.809017    0.5       ]]

 [[-0.25046524 -0.39927155  0.88195771]
  [-0.96151043  0.20890486 -0.17848381]
  [-0.11298175 -0.89271552 -0.43622716]]

 [[ 0.22475024 -0.95593498  0.18888001]
  [-0.83690462 -0.09009117  0.53988355]
  [-0.49907715 -0.27941351 -0.82027441]]

 [[-0.00014761 -0.41032257 -0.91194045]
  [-0.24440155 -0.88427025  0.39791208]
  [-0.96967411  0.22293839 -0.10015295]]

 [[-0.62934627  0.41045374 -0.65988712]
  [-0.13243136 -0.89336371 -0.42937539]
  [-0.76575795 -0.18283605  0.61659205]]

 [[-0.53526436  0.80950416 -0.24123659]
  [-0.23202781 -0.41551644 -0.87949371]
  [-0.81219159 -0.41478803  0.41023861]]

 [[-0.5         0.309017   -0.809017  ]
  [ 0.309017   -0.809017   -0.5       ]
  [-0.809017   -0.5         0.309017  ]]

 [[-0.79878541  0.49198365  0.34625707]
  [-0.31303785  0.15160563 -0.93756229]
  [-0.51375983 -0.85730265  0.03290914]]

 [[-0.35807984 -0.22857869  0.90527931]
  [-0.75450239  0.64197854 -0.1363441 ]
  [-0.55000452 -0.73185747 -0.40234274]]

 [[ 0.28706644 -0.9536555   0.09018901]
  [-0.42172714 -0.04128543  0.90578239]
  [-0.86008086 -0.29805487 -0.41403407]]

 [[ 0.08126106 -0.50449122 -0.85958436]
  [ 0.20630392 -0.83524535  0.50970963]
  [-0.97510786 -0.21875516  0.03620559]]

 [[ 0.05297558  0.1213847  -0.99119088]
  [ 0.06604305 -0.9908374  -0.11781164]
  [-0.99640951 -0.05922012 -0.06050679]]

 [[ 0.5        -0.309017   -0.809017  ]
  [ 0.309017   -0.809017    0.5       ]
  [-0.809017   -0.5        -0.309017  ]]

 [[-0.2432113   0.70333417 -0.66795908]
  [ 0.33095153 -0.5871414  -0.73873952]
  [-0.91176717 -0.40073186 -0.08997009]]

 [[-0.44605576  0.81466558  0.37061337]
  [-0.25751926  0.27975692 -0.92488913]
  [-0.85715699 -0.5079922   0.0850049 ]]

 [[ 0.17756441 -0.17906894  0.96768032]
  [-0.70888479  0.65877677  0.25198319]
  [-0.68260767 -0.73071711 -0.00996394]]

 [[ 0.67956836 -0.72224646  0.12863478]
  [-0.26391451 -0.07707977  0.96146131]
  [-0.68449688 -0.68732727 -0.2429923 ]]

 [[ 0.56800505 -0.7344843  -0.37135306]
  [-0.31774408 -0.61192101  0.72428681]
  [-0.75921602 -0.29340333 -0.58095227]]

 [[-0.5         0.309017   -0.809017  ]
  [-0.309017    0.809017    0.5       ]
  [ 0.809017    0.5        -0.309017  ]]

 [[-0.79878541  0.49198365  0.34625707]
  [ 0.31303785 -0.15160563  0.93756229]
  [ 0.51375983  0.85730265 -0.03290914]]

 [[-0.35807984 -0.22857869  0.90527931]
  [ 0.75450239 -0.64197854  0.1363441 ]
  [ 0.55000452  0.73185747  0.40234274]]

 [[ 0.28706644 -0.9536555   0.09018901]
  [ 0.42172714  0.04128543 -0.90578239]
  [ 0.86008086  0.29805487  0.41403407]]

 [[ 0.08126106 -0.50449122 -0.85958436]
  [-0.20630392  0.83524535 -0.50970963]
  [ 0.97510786  0.21875516 -0.03620559]]

 [[ 0.05297558  0.1213847  -0.99119088]
  [-0.06604305  0.9908374   0.11781164]
  [ 0.99640951  0.05922012  0.06050679]]

 [[ 0.5        -0.309017   -0.809017  ]
  [-0.309017    0.809017   -0.5       ]
  [ 0.809017    0.5         0.309017  ]]

 [[-0.2432113   0.70333417 -0.66795908]
  [-0.33095153  0.5871414   0.73873952]
  [ 0.91176717  0.40073186  0.08997009]]

 [[-0.44605576  0.81466558  0.37061337]
  [ 0.25751926 -0.27975692  0.92488913]
  [ 0.85715699  0.5079922  -0.0850049 ]]

 [[ 0.17756441 -0.17906894  0.96768032]
  [ 0.70888479 -0.65877677 -0.25198319]
  [ 0.68260767  0.73071711  0.00996394]]

 [[ 0.67956836 -0.72224646  0.12863478]
  [ 0.26391451  0.07707977 -0.96146131]
  [ 0.68449688  0.68732727  0.2429923 ]]

 [[ 0.56800505 -0.7344843  -0.37135306]
  [ 0.31774408  0.61192101 -0.72428681]
  [ 0.75921602  0.29340333  0.58095227]]

 [[ 0.809017   -0.5         0.309017  ]
  [ 0.5         0.309017   -0.809017  ]
  [ 0.309017    0.809017    0.5       ]]

 [[ 0.64847257 -0.05729923 -0.75907848]
  [-0.08048629  0.98641296 -0.14321819]
  [ 0.75697114  0.15396848  0.63504993]]

 [[ 0.08240223  0.7320697  -0.67622765]
  [ 0.03276902  0.67617806  0.73600913]
  [ 0.99606028 -0.08280811  0.03172937]]

 [[-0.17732559  0.84298481  0.50787031]
  [ 0.7090324  -0.2484542   0.65995725]
  [ 0.68251645  0.47712381 -0.55364625]]

 [[ 0.33873528  0.05811836  0.93908502]
  [ 0.89326078 -0.33337397 -0.30157419]
  [ 0.29553951  0.94100163 -0.16484037]]

 [[ 0.29807086 -0.57532095  0.76168207]
  [ 0.85300844 -0.19758315 -0.48305022]
  [ 0.42840446  0.79370442  0.43185985]]

 [[ 0.          0.          1.        ]
  [ 1.          0.          0.        ]
  [ 0.          1.          0.        ]]

 [[ 0.64398938 -0.73874704  0.19882277]
  [ 0.71829912  0.4944293  -0.48947526]
  [ 0.2632946   0.4580311   0.84904857]]

 [[ 0.49698313 -0.36222162 -0.78854503]
  [ 0.39084886  0.90475675 -0.16927018]
  [ 0.77475476 -0.22407751  0.59122275]]

 [[-0.28715765  0.7000622  -0.6537992 ]
  [ 0.42196596  0.7052013   0.56976824]
  [ 0.85993326 -0.1122677  -0.49790637]]

 [[-0.47021844  0.75816558  0.45175168]
  [ 0.81199972  0.17111725  0.55801017]
  [ 0.3457616   0.6292089  -0.69609272]]

 [[-0.38378713  0.37891639  0.84209846]
  [ 0.80003286 -0.31896785  0.50814066]
  [ 0.46114516  0.86872428 -0.1807298 ]]

 [[-0.809017    0.5         0.309017  ]
  [ 0.5         0.309017    0.809017  ]
  [ 0.309017    0.809017   -0.5       ]]

 [[-0.25046524 -0.39927155  0.88195771]
  [ 0.96151043 -0.20890486  0.17848381]
  [ 0.11298175  0.89271552  0.43622716]]

 [[ 0.22475024 -0.95593498  0.18888001]
  [ 0.83690462  0.09009117 -0.53988355]
  [ 0.49907715  0.27941351  0.82027441]]

 [[-0.00014761 -0.41032257 -0.91194045]
  [ 0.24440155  0.88427025 -0.39791208]
  [ 0.96967411 -0.22293839  0.10015295]]

 [[-0.62934627  0.41045374 -0.65988712]
  [ 0.13243136  0.89336371  0.42937539]
  [ 0.76575795  0.18283605 -0.61659205]]

 [[-0.53526436  0.80950416 -0.24123659]
  [ 0.23202781  0.41551644  0.87949371]
  [ 0.81219159  0.41478803 -0.41023861]]

 [[-0.309017   -0.809017    0.5       ]
  [ 0.809017   -0.5        -0.309017  ]
  [ 0.5         0.309017    0.809017  ]]

 [[-0.11298175 -0.89271552 -0.43622716]
  [ 0.25046524  0.39927155 -0.88195771]
  [ 0.96151043 -0.20890486  0.17848381]]

 [[-0.49907715 -0.27941351 -0.82027441]
  [-0.22475024  0.95593498 -0.18888001]
  [ 0.83690462  0.09009117 -0.53988355]]

 [[-0.96967411  0.22293839 -0.10015295]
  [ 0.00014761  0.41032257  0.91194045]
  [ 0.24440155  0.88427025 -0.39791208]]

 [[-0.76575795 -0.18283605  0.61659205]
  [ 0.62934627 -0.41045374  0.65988712]
  [ 0.13243136  0.89336371  0.42937539]]

 [[-0.81219159 -0.41478803  0.41023861]
  [ 0.53526436 -0.80950416  0.24123659]
  [ 0.23202781  0.41551644  0.87949371]]

 [[-0.809017   -0.5         0.309017  ]
  [ 0.5        -0.309017    0.809017  ]
  [-0.309017    0.809017    0.5       ]]

 [[-0.51375983 -0.85730265  0.03290914]
  [ 0.79878541 -0.49198365 -0.34625707]
  [ 0.31303785 -0.15160563  0.93756229]]

 [[-0.55000452 -0.73185747 -0.40234274]
  [ 0.35807984  0.22857869 -0.90527931]
  [ 0.75450239 -0.64197854  0.1363441 ]]

 [[-0.86008086 -0.29805487 -0.41403407]
  [-0.28706644  0.9536555  -0.09018901]
  [ 0.42172714  0.04128543 -0.90578239]]

 [[-0.97510786 -0.21875516  0.03620559]
  [-0.08126106  0.50449122  0.85958436]
  [-0.20630392  0.83524535 -0.50970963]]

 [[-0.99640951 -0.05922012 -0.06050679]
  [-0.05297558 -0.1213847   0.99119088]
  [-0.06604305  0.9908374   0.11781164]]

 [[-0.809017   -0.5        -0.309017  ]
  [-0.5         0.309017    0.809017  ]
  [-0.309017    0.809017   -0.5       ]]

 [[-0.91176717 -0.40073186 -0.08997009]
  [ 0.2432113  -0.70333417  0.66795908]
  [-0.33095153  0.5871414   0.73873952]]

 [[-0.85715699 -0.5079922   0.0850049 ]
  [ 0.44605576 -0.81466558 -0.37061337]
  [ 0.25751926 -0.27975692  0.92488913]]

 [[-0.68260767 -0.73071711 -0.00996394]
  [-0.17756441  0.17906894 -0.96768032]
  [ 0.70888479 -0.65877677 -0.25198319]]

 [[-0.68449688 -0.68732727 -0.2429923 ]
  [-0.67956836  0.72224646 -0.12863478]
  [ 0.26391451  0.07707977 -0.96146131]]

 [[-0.75921602 -0.29340333 -0.58095227]
  [-0.56800505  0.7344843   0.37135306]
  [ 0.31774408  0.61192101 -0.72428681]]

 [[-0.309017   -0.809017   -0.5       ]
  [-0.809017    0.5        -0.309017  ]
  [ 0.5         0.309017   -0.809017  ]]

 [[-0.75697114 -0.15396848 -0.63504993]
  [-0.64847257  0.05729923  0.75907848]
  [-0.08048629  0.98641296 -0.14321819]]

 [[-0.99606028  0.08280811 -0.03172937]
  [-0.08240223 -0.7320697   0.67622765]
  [ 0.03276902  0.67617806  0.73600913]]

 [[-0.68251645 -0.47712381  0.55364625]
  [ 0.17732559 -0.84298481 -0.50787031]
  [ 0.7090324  -0.2484542   0.65995725]]

 [[-0.29553951 -0.94100163  0.16484037]
  [-0.33873528 -0.05811836 -0.93908502]
  [ 0.89326078 -0.33337397 -0.30157419]]

 [[-0.42840446 -0.79370442 -0.43185985]
  [-0.29807086  0.57532095 -0.76168207]
  [ 0.85300844 -0.19758315 -0.48305022]]

 [[ 0.         -1.          0.        ]
  [ 0.          0.         -1.        ]
  [ 1.          0.          0.        ]]

 [[-0.2632946  -0.4580311  -0.84904857]
  [-0.64398938  0.73874704 -0.19882277]
  [ 0.71829912  0.4944293  -0.48947526]]

 [[-0.77475476  0.22407751 -0.59122275]
  [-0.49698313  0.36222162  0.78854503]
  [ 0.39084886  0.90475675 -0.16927018]]

 [[-0.85993326  0.1122677   0.49790637]
  [ 0.28715765 -0.7000622   0.6537992 ]
  [ 0.42196596  0.7052013   0.56976824]]

 [[-0.3457616  -0.6292089   0.69609272]
  [ 0.47021844 -0.75816558 -0.45175168]
  [ 0.81199972  0.17111725  0.55801017]]

 [[-0.46114516 -0.86872428  0.1807298 ]
  [ 0.38378713 -0.37891639 -0.84209846]
  [ 0.80003286 -0.31896785  0.50814066]]

 [[ 0.          0.         -1.        ]
  [ 1.          0.          0.        ]
  [ 0.         -1.          0.        ]]

 [[-0.64398938  0.73874704 -0.19882277]
  [ 0.71829912  0.4944293  -0.48947526]
  [-0.2632946  -0.4580311  -0.84904857]]

 [[-0.49698313  0.36222162  0.78854503]
  [ 0.39084886  0.90475675 -0.16927018]
  [-0.77475476  0.22407751 -0.59122275]]

 [[ 0.28715765 -0.7000622   0.6537992 ]
  [ 0.42196596  0.7052013   0.56976824]
  [-0.85993326  0.1122677   0.49790637]]

 [[ 0.47021844 -0.75816558 -0.45175168]
  [ 0.81199972  0.17111725  0.55801017]
  [-0.3457616  -0.6292089   0.69609272]]

 [[ 0.38378713 -0.37891639 -0.84209846]
  [ 0.80003286 -0.31896785  0.50814066]
  [-0.46114516 -0.86872428  0.1807298 ]]

 [[ 0.809017   -0.5        -0.309017  ]
  [ 0.5         0.309017    0.809017  ]
  [-0.309017   -0.809017    0.5       ]]

 [[ 0.25046524  0.39927155 -0.88195771]
  [ 0.96151043 -0.20890486  0.17848381]
  [-0.11298175 -0.89271552 -0.43622716]]

 [[-0.22475024  0.95593498 -0.18888001]
  [ 0.83690462  0.09009117 -0.53988355]
  [-0.49907715 -0.27941351 -0.82027441]]

 [[ 0.00014761  0.41032257  0.91194045]
  [ 0.24440155  0.88427025 -0.39791208]
  [-0.96967411  0.22293839 -0.10015295]]

 [[ 0.62934627 -0.41045374  0.65988712]
  [ 0.13243136  0.89336371  0.42937539]
  [-0.76575795 -0.18283605  0.61659205]]

 [[ 0.53526436 -0.80950416  0.24123659]
  [ 0.23202781  0.41551644  0.87949371]
  [-0.81219159 -0.41478803  0.41023861]]

 [[ 0.5        -0.309017    0.809017  ]
  [-0.309017    0.809017    0.5       ]
  [-0.809017   -0.5         0.309017  ]]

 [[ 0.79878541 -0.49198365 -0.34625707]
  [ 0.31303785 -0.15160563  0.93756229]
  [-0.51375983 -0.85730265  0.03290914]]

 [[ 0.35807984  0.22857869 -0.90527931]
  [ 0.75450239 -0.64197854  0.1363441 ]
  [-0.55000452 -0.73185747 -0.40234274]]

 [[-0.28706644  0.9536555  -0.09018901]
  [ 0.42172714  0.04128543 -0.90578239]
  [-0.86008086 -0.29805487 -0.41403407]]

 [[-0.08126106  0.50449122  0.85958436]
  [-0.20630392  0.83524535 -0.50970963]
  [-0.97510786 -0.21875516  0.03620559]]

 [[-0.05297558 -0.1213847   0.99119088]
  [-0.06604305  0.9908374   0.11781164]
  [-0.99640951 -0.05922012 -0.06050679]]

 [[-0.5         0.309017    0.809017  ]
  [-0.309017    0.809017   -0.5       ]
  [-0.809017   -0.5        -0.309017  ]]

 [[ 0.2432113  -0.70333417  0.66795908]
  [-0.33095153  0.5871414   0.73873952]
  [-0.91176717 -0.40073186 -0.08997009]]

 [[ 0.44605576 -0.81466558 -0.37061337]
  [ 0.25751926 -0.27975692  0.92488913]
  [-0.85715699 -0.5079922   0.0850049 ]]

 [[-0.17756441  0.17906894 -0.96768032]
  [ 0.70888479 -0.65877677 -0.25198319]
  [-0.68260767 -0.73071711 -0.00996394]]

 [[-0.67956836  0.72224646 -0.12863478]
  [ 0.26391451  0.07707977 -0.96146131]
  [-0.68449688 -0.68732727 -0.2429923 ]]

 [[-0.56800505  0.7344843   0.37135306]
  [ 0.31774408  0.61192101 -0.72428681]
  [-0.75921602 -0.29340333 -0.58095227]]

 [[-0.809017    0.5        -0.309017  ]
  [ 0.5         0.309017   -0.809017  ]
  [-0.309017   -0.809017   -0.5       ]]

 [[-0.64847257  0.05729923  0.75907848]
  [-0.08048629  0.98641296 -0.14321819]
  [-0.75697114 -0.15396848 -0.63504993]]

 [[-0.08240223 -0.7320697   0.67622765]
  [ 0.03276902  0.67617806  0.73600913]
  [-0.99606028  0.08280811 -0.03172937]]

 [[ 0.17732559 -0.84298481 -0.50787031]
  [ 0.7090324  -0.2484542   0.65995725]
  [-0.68251645 -0.47712381  0.55364625]]

 [[-0.33873528 -0.05811836 -0.93908502]
  [ 0.89326078 -0.33337397 -0.30157419]
  [-0.29553951 -0.94100163  0.16484037]]

 [[-0.29807086  0.57532095 -0.76168207]
  [ 0.85300844 -0.19758315 -0.48305022]
  [-0.42840446 -0.79370442 -0.43185985]]

 [[-0.5        -0.309017    0.809017  ]
  [ 0.309017    0.809017    0.5       ]
  [-0.809017    0.5        -0.309017  ]]

 [[ 0.08048629 -0.98641296  0.14321819]
  [ 0.75697114  0.15396848  0.63504993]
  [-0.64847257  0.05729923  0.75907848]]

 [[-0.03276902 -0.67617806 -0.73600913]
  [ 0.99606028 -0.08280811  0.03172937]
  [-0.08240223 -0.7320697   0.67622765]]

 [[-0.7090324   0.2484542  -0.65995725]
  [ 0.68251645  0.47712381 -0.55364625]
  [ 0.17732559 -0.84298481 -0.50787031]]

 [[-0.89326078  0.33337397  0.30157419]
  [ 0.29553951  0.94100163 -0.16484037]
  [-0.33873528 -0.05811836 -0.93908502]]

 [[-0.85300844  0.19758315  0.48305022]
  [ 0.42840446  0.79370442  0.43185985]
  [-0.29807086  0.57532095 -0.76168207]]

 [[-1.          0.          0.        ]
  [ 0.          1.          0.        ]
  [ 0.          0.         -1.        ]]

 [[-0.71829912 -0.4944293   0.48947526]
  [ 0.2632946   0.4580311   0.84904857]
  [-0.64398938  0.73874704 -0.19882277]]

 [[-0.39084886 -0.90475675  0.16927018]
  [ 0.77475476 -0.22407751  0.59122275]
  [-0.49698313  0.36222162  0.78854503]]

 [[-0.42196596 -0.7052013  -0.56976824]
  [ 0.85993326 -0.1122677  -0.49790637]
  [ 0.28715765 -0.7000622   0.6537992 ]]

 [[-0.81199972 -0.17111725 -0.55801017]
  [ 0.3457616   0.6292089  -0.69609272]
  [ 0.47021844 -0.75816558 -0.45175168]]

 [[-0.80003286  0.31896785 -0.50814066]
  [ 0.46114516  0.86872428 -0.1807298 ]
  [ 0.38378713 -0.37891639 -0.84209846]]

 [[-0.5        -0.309017   -0.809017  ]
  [ 0.309017    0.809017   -0.5       ]
  [ 0.809017   -0.5        -0.309017  ]]

 [[-0.96151043  0.20890486 -0.17848381]
  [ 0.11298175  0.89271552  0.43622716]
  [ 0.25046524  0.39927155 -0.88195771]]

 [[-0.83690462 -0.09009117  0.53988355]
  [ 0.49907715  0.27941351  0.82027441]
  [-0.22475024  0.95593498 -0.18888001]]

 [[-0.24440155 -0.88427025  0.39791208]
  [ 0.96967411 -0.22293839  0.10015295]
  [ 0.00014761  0.41032257  0.91194045]]

 [[-0.13243136 -0.89336371 -0.42937539]
  [ 0.76575795  0.18283605 -0.61659205]
  [ 0.62934627 -0.41045374  0.65988712]]

 [[-0.23202781 -0.41551644 -0.87949371]
  [ 0.81219159  0.41478803 -0.41023861]
  [ 0.53526436 -0.80950416  0.24123659]]

 [[ 0.309017   -0.809017   -0.5       ]
  [ 0.809017    0.5        -0.309017  ]
  [ 0.5        -0.309017    0.809017  ]]

 [[-0.31303785  0.15160563 -0.93756229]
  [ 0.51375983  0.85730265 -0.03290914]
  [ 0.79878541 -0.49198365 -0.34625707]]

 [[-0.75450239  0.64197854 -0.1363441 ]
  [ 0.55000452  0.73185747  0.40234274]
  [ 0.35807984  0.22857869 -0.90527931]]

 [[-0.42172714 -0.04128543  0.90578239]
  [ 0.86008086  0.29805487  0.41403407]
  [-0.28706644  0.9536555  -0.09018901]]

 [[ 0.20630392 -0.83524535  0.50970963]
  [ 0.97510786  0.21875516 -0.03620559]
  [-0.08126106  0.50449122  0.85958436]]

 [[ 0.06604305 -0.9908374  -0.11781164]
  [ 0.99640951  0.05922012  0.06050679]
  [-0.05297558 -0.1213847   0.99119088]]

 [[ 0.309017   -0.809017    0.5       ]
  [ 0.809017    0.5         0.309017  ]
  [-0.5         0.309017    0.809017  ]]

 [[ 0.33095153 -0.5871414  -0.73873952]
  [ 0.91176717  0.40073186  0.08997009]
  [ 0.2432113  -0.70333417  0.66795908]]

 [[-0.25751926  0.27975692 -0.92488913]
  [ 0.85715699  0.5079922  -0.0850049 ]
  [ 0.44605576 -0.81466558 -0.37061337]]

 [[-0.70888479  0.65877677  0.25198319]
  [ 0.68260767  0.73071711  0.00996394]
  [-0.17756441  0.17906894 -0.96768032]]

 [[-0.26391451 -0.07707977  0.96146131]
  [ 0.68449688  0.68732727  0.2429923 ]
  [-0.67956836  0.72224646 -0.12863478]]

 [[-0.31774408 -0.61192101  0.72428681]
  [ 0.75921602  0.29340333  0.58095227]
  [-0.56800505  0.7344843   0.37135306]]

 [[-0.309017    0.809017    0.5       ]
  [-0.809017   -0.5         0.309017  ]
  [ 0.5        -0.309017    0.809017  ]]

 [[ 0.31303785 -0.15160563  0.93756229]
  [-0.51375983 -0.85730265  0.03290914]
  [ 0.79878541 -0.49198365 -0.34625707]]

 [[ 0.75450239 -0.64197854  0.1363441 ]
  [-0.55000452 -0.73185747 -0.40234274]
  [ 0.35807984  0.22857869 -0.90527931]]

 [[ 0.42172714  0.04128543 -0.90578239]
  [-0.86008086 -0.29805487 -0.41403407]
  [-0.28706644  0.9536555  -0.09018901]]

 [[-0.20630392  0.83524535 -0.50970963]
  [-0.97510786 -0.21875516  0.03620559]
  [-0.08126106  0.50449122  0.85958436]]

 [[-0.06604305  0.9908374   0.11781164]
  [-0.99640951 -0.05922012 -0.06050679]
  [-0.05297558 -0.1213847   0.99119088]]

 [[-0.309017    0.809017   -0.5       ]
  [-0.809017   -0.5        -0.309017  ]
  [-0.5         0.309017    0.809017  ]]

 [[-0.33095153  0.5871414   0.73873952]
  [-0.91176717 -0.40073186 -0.08997009]
  [ 0.2432113  -0.70333417  0.66795908]]

 [[ 0.25751926 -0.27975692  0.92488913]
  [-0.85715699 -0.5079922   0.0850049 ]
  [ 0.44605576 -0.81466558 -0.37061337]]

 [[ 0.70888479 -0.65877677 -0.25198319]
  [-0.68260767 -0.73071711 -0.00996394]
  [-0.17756441  0.17906894 -0.96768032]]

 [[ 0.26391451  0.07707977 -0.96146131]
  [-0.68449688 -0.68732727 -0.2429923 ]
  [-0.67956836  0.72224646 -0.12863478]]

 [[ 0.31774408  0.61192101 -0.72428681]
  [-0.75921602 -0.29340333 -0.58095227]
  [-0.56800505  0.7344843   0.37135306]]

 [[ 0.5         0.309017   -0.809017  ]
  [-0.309017   -0.809017   -0.5       ]
  [-0.809017    0.5        -0.309017  ]]

 [[-0.08048629  0.98641296 -0.14321819]
  [-0.75697114 -0.15396848 -0.63504993]
  [-0.64847257  0.05729923  0.75907848]]

 [[ 0.03276902  0.67617806  0.73600913]
  [-0.99606028  0.08280811 -0.03172937]
  [-0.08240223 -0.7320697   0.67622765]]

 [[ 0.7090324  -0.2484542   0.65995725]
  [-0.68251645 -0.47712381  0.55364625]
  [ 0.17732559 -0.84298481 -0.50787031]]

 [[ 0.89326078 -0.33337397 -0.30157419]
  [-0.29553951 -0.94100163  0.16484037]
  [-0.33873528 -0.05811836 -0.93908502]]

 [[ 0.85300844 -0.19758315 -0.48305022]
